MATRIX JOINT #0
-0.929249	-0.355711	0.0998273	0
-0.348729	0.933722	0.0809354	0
-0.122001	0.0403965	-0.991708	0
0	0	0	1

MATRIX JOINT #1
-0.889484	-0.391293	0.236027	0
-0.252039	0.850928	0.460867	0
-0.381176	0.350445	-0.855507	0
0	0	0	1

MATRIX JOINT #2
-0.867497	-0.416251	0.272368	0
-0.440551	0.897155	-0.0320692	0
-0.231008	-0.147812	-0.961658	0
0	0	0	1

MATRIX JOINT #3
-0.664247	-0.70737	0.241669	0
-0.699887	0.702081	0.131308	0
-0.262554	-0.0819194	-0.961434	0
0	0	0	1

MATRIX JOINT #4
0.890483	-0.430355	-0.147762	0
-0.417636	-0.901932	0.109994	0
-0.180608	-0.0362369	-0.982887	0
0	0	0	1

MATRIX JOINT #5
0.696845	-0.115155	-0.707917	0
-0.392409	-0.887406	-0.24192	0
-0.600352	0.446373	-0.663573	0
0	0	0	1

MATRIX JOINT #6
0.696845	-0.115155	-0.707917	0
-0.664634	-0.474657	-0.577028	0
-0.26957	0.872605	-0.407299	0
0	0	0	1

MATRIX JOINT #7
0.659368	-0.140999	-0.73848	0
-0.68342	-0.521766	-0.510585	0
-0.313322	0.841356	-0.440398	0
0	0	0	1

MATRIX JOINT #8
0.24667	0.947203	-0.204845	0
0.911921	-0.298403	-0.281701	0
-0.327955	-0.117315	-0.937381	0
0	0	0	1

MATRIX JOINT #9
-0.037129	0.279225	-0.959508	0
0.828396	-0.528419	-0.18583	0
-0.558911	-0.801752	-0.211689	0
0	0	0	1

MATRIX JOINT #10
-0.037129	0.279225	-0.959508	0
0.295675	-0.914109	-0.277455	0
-0.954567	-0.294004	-0.04862	0
0	0	0	1

MATRIX JOINT #11
0.00376406	0.151247	-0.988489	0
0.312901	-0.939037	-0.142489	0
-0.949778	-0.308762	-0.0508598	0
0	0	0	1

MATRIX JOINT #12
0.913578	-0.385957	-0.128111	0
-0.387932	-0.921632	0.0101817	0
-0.122001	0.0403965	-0.991708	0
0	0	0	1

MATRIX JOINT #13
0.992819	-0.085396	-0.0837752	0
-0.0808635	-0.995146	0.056087	0
-0.0881582	-0.0489099	-0.994905	0
0	0	0	1

MATRIX JOINT #14
0.996718	0.0218872	-0.0779423	0
0.0173415	-0.998135	-0.0585281	0
-0.0790779	0.0569844	-0.995238	0
0	0	0	1

MATRIX JOINT #15
0.562813	-0.82422	0.062464	0
-0.823211	-0.552095	0.132341	0
-0.0745923	-0.125904	-0.989234	0
0	0	0	1

MATRIX JOINT #16
0.374218	0.927304	-0.00826356	0
0.919281	-0.372123	-0.128249	0
-0.122001	0.0403965	-0.991708	0
0	0	0	1

MATRIX JOINT #17
0.985877	0.120472	-0.116328	0
0.114797	-0.991902	-0.0543337	0
-0.121932	0.0402122	-0.991724	0
0	0	0	1

MATRIX JOINT #18
0.991425	0.0103053	-0.130268	0
-0.00522506	-0.992962	-0.118318	0
-0.130571	0.117984	-0.984394	0
0	0	0	1

MATRIX JOINT #19
0.995262	0.0859826	-0.0453943	0
0.0229354	-0.661314	-0.749759	0
-0.0944861	0.745165	-0.660153	0
0	0	0	1

MATRIX JOINT #0
-0.929286	-0.35579	0.0992019	0
-0.348827	0.933681	0.0809881	0
-0.121438	0.0406569	-0.991766	0
0	0	0	1

MATRIX JOINT #1
-0.889243	-0.3919	0.235927	0
-0.252167	0.850292	0.461969	0
-0.381653	0.35131	-0.85494	0
0	0	0	1

MATRIX JOINT #2
-0.867401	-0.416665	0.272039	0
-0.440925	0.896971	-0.0320638	0
-0.230651	-0.147761	-0.961752	0
0	0	0	1

MATRIX JOINT #3
-0.663913	-0.707938	0.240922	0
-0.700142	0.701634	0.132327	0
-0.262719	-0.0808262	-0.961481	0
0	0	0	1

MATRIX JOINT #4
0.890225	-0.431057	-0.147271	0
-0.418468	-0.901615	0.109433	0
-0.179953	-0.035792	-0.983024	0
0	0	0	1

MATRIX JOINT #5
0.689215	-0.106903	-0.716628	0
-0.392977	-0.886099	-0.245761	0
-0.60873	0.451	-0.652722	0
0	0	0	1

MATRIX JOINT #6
0.689215	-0.106903	-0.716628	0
-0.669078	-0.473469	-0.572854	0
-0.278061	0.874299	-0.397848	0
0	0	0	1

MATRIX JOINT #7
0.655981	-0.129722	-0.743546	0
-0.686092	-0.513077	-0.51578	0
-0.314589	0.848483	-0.42557	0
0	0	0	1

MATRIX JOINT #8
0.246227	0.94737	-0.204602	0
0.911925	-0.297954	-0.282165	0
-0.328277	-0.117105	-0.937294	0
0	0	0	1

MATRIX JOINT #9
-0.0383109	0.278737	-0.959603	0
0.829334	-0.526837	-0.186141	0
-0.557438	-0.802963	-0.210982	0
0	0	0	1

MATRIX JOINT #10
-0.0383109	0.278737	-0.959603	0
0.296158	-0.913996	-0.277313	0
-0.95437	-0.294819	-0.0475343	0
0	0	0	1

MATRIX JOINT #11
0.00236272	0.151717	-0.988421	0
0.317261	-0.937474	-0.143138	0
-0.948335	-0.313249	-0.0503488	0
0	0	0	1

MATRIX JOINT #12
0.91366	-0.385902	-0.127694	0
-0.387916	-0.921643	0.00971653	0
-0.121438	0.0406569	-0.991766	0
0	0	0	1

MATRIX JOINT #13
0.992889	-0.0853267	-0.0830101	0
-0.0808189	-0.995141	0.0562329	0
-0.0874049	-0.0491242	-0.994961	0
0	0	0	1

MATRIX JOINT #14
0.996766	0.0222615	-0.0772162	0
0.0178006	-0.998159	-0.0579861	0
-0.0783649	0.0564241	-0.995327	0
0	0	0	1

MATRIX JOINT #15
0.561869	-0.824068	0.072216	0
-0.823957	-0.549757	0.13734	0
-0.0734761	-0.13667	-0.987888	0
0	0	0	1

MATRIX JOINT #16
0.374084	0.927362	-0.00778847	0
0.919409	-0.37195	-0.127826	0
-0.121438	0.0406569	-0.991766	0
0	0	0	1

MATRIX JOINT #17
0.985947	0.120491	-0.11572	0
0.114826	-0.991892	-0.054457	0
-0.121343	0.040404	-0.991788	0
0	0	0	1

MATRIX JOINT #18
0.991511	0.0104678	-0.129602	0
-0.00494133	-0.993	-0.118007	0
-0.12993	0.117646	-0.984519	0
0	0	0	1

MATRIX JOINT #19
0.995258	0.087443	-0.0426103	0
0.0256367	-0.658363	-0.752264	0
-0.0938332	0.747604	-0.657483	0
0	0	0	1

MATRIX JOINT #0
-0.92932	-0.355859	0.098638	0
-0.348914	0.933644	0.0810397	0
-0.120931	0.0408956	-0.991818	0
0	0	0	1

MATRIX JOINT #1
-0.88901	-0.392512	0.23579	0
-0.252307	0.849642	0.463087	0
-0.382104	0.352198	-0.854373	0
0	0	0	1

MATRIX JOINT #2
-0.867292	-0.417051	0.271797	0
-0.441288	0.896792	-0.0320714	0
-0.23037	-0.147756	-0.96182	0
0	0	0	1

MATRIX JOINT #3
-0.663418	-0.708625	0.240267	0
-0.700536	0.701051	0.133328	0
-0.262919	-0.0798641	-0.961507	0
0	0	0	1

MATRIX JOINT #4
0.890061	-0.431526	-0.146891	0
-0.419045	-0.901405	0.108952	0
-0.179424	-0.0354202	-0.983134	0
0	0	0	1

MATRIX JOINT #5
0.682448	-0.0993095	-0.724157	0
-0.393119	-0.885104	-0.249095	0
-0.616216	0.454675	-0.643077	0
0	0	0	1

MATRIX JOINT #6
0.682448	-0.0993095	-0.724157	0
-0.672977	-0.472004	-0.569486	0
-0.285249	0.875985	-0.388951	0
0	0	0	1

MATRIX JOINT #7
0.652407	-0.119827	-0.748336	0
-0.688592	-0.50616	-0.519273	0
-0.316554	0.854075	-0.412734	0
0	0	0	1

MATRIX JOINT #8
0.245725	0.94754	-0.204417	0
0.911957	-0.29746	-0.28258	0
-0.328562	-0.116983	-0.93721	0
0	0	0	1

MATRIX JOINT #9
-0.0395704	0.27808	-0.959742	0
0.830292	-0.525228	-0.186415	0
-0.555921	-0.804243	-0.210104	0
0	0	0	1

MATRIX JOINT #10
-0.0395704	0.27808	-0.959742	0
0.296451	-0.913982	-0.277044	0
-0.954228	-0.295479	-0.0462705	0
0	0	0	1

MATRIX JOINT #11
0.000638012	0.152698	-0.988273	0
0.321475	-0.935845	-0.14439	0
-0.946918	-0.317613	-0.0496856	0
0	0	0	1

MATRIX JOINT #12
0.913748	-0.385817	-0.127321	0
-0.387867	-0.921669	0.00928907	0
-0.120931	0.0408956	-0.991818	0
0	0	0	1

MATRIX JOINT #13
0.992949	-0.0853035	-0.0823105	0
-0.0808172	-0.995133	0.0563828	0
-0.0867195	-0.0493331	-0.995011	0
0	0	0	1

MATRIX JOINT #14
0.996807	0.0227093	-0.0765527	0
0.0183305	-0.998182	-0.0574242	0
-0.0777176	0.0558376	-0.99541	0
0	0	0	1

MATRIX JOINT #15
0.560671	-0.82392	0.0824846	0
-0.824869	-0.54704	0.14261	0
-0.0723769	-0.147996	-0.986336	0
0	0	0	1

MATRIX JOINT #16
0.373953	0.927419	-0.0073555	0
0.91953	-0.371783	-0.127447	0
-0.120931	0.0408956	-0.991818	0
0	0	0	1

MATRIX JOINT #17
0.98601	0.120496	-0.115177	0
0.114838	-0.991883	-0.0545874	0
-0.12082	0.040597	-0.991844	0
0	0	0	1

MATRIX JOINT #18
0.991588	0.0106338	-0.129	0
-0.00466333	-0.993038	-0.117704	0
-0.129353	0.117316	-0.984634	0
0	0	0	1

MATRIX JOINT #19
0.995075	0.0922689	-0.0362287	0
0.0333631	-0.6559	-0.75411	0
-0.0933433	0.749187	-0.655748	0
0	0	0	1

MATRIX JOINT #0
-0.929349	-0.355925	0.0981257	0
-0.348994	0.93361	0.0810956	0
-0.120475	0.0411208	-0.991864	0
0	0	0	1

MATRIX JOINT #1
-0.888779	-0.393128	0.235629	0
-0.252453	0.848981	0.464218	0
-0.382542	0.353102	-0.853804	0
0	0	0	1

MATRIX JOINT #2
-0.867172	-0.417411	0.271626	0
-0.441636	0.896621	-0.0320827	0
-0.230154	-0.147781	-0.961868	0
0	0	0	1

MATRIX JOINT #3
-0.661532	-0.710712	0.239296	0
-0.702166	0.699074	0.135126	0
-0.263321	-0.0786352	-0.961498	0
0	0	0	1

MATRIX JOINT #4
0.889953	-0.431849	-0.146597	0
-0.419459	-0.901263	0.108538	0
-0.178994	-0.0351019	-0.983224	0
0	0	0	1

MATRIX JOINT #5
0.676216	-0.0921022	-0.730923	0
-0.393097	-0.884218	-0.252256	0
-0.623062	0.457903	-0.634128	0
0	0	0	1

MATRIX JOINT #6
0.676216	-0.0921022	-0.730923	0
-0.676817	-0.469501	-0.566999	0
-0.290947	0.878115	-0.37982	0
0	0	0	1

MATRIX JOINT #7
0.648666	-0.110766	-0.75297	0
-0.690953	-0.500504	-0.521613	0
-0.319087	0.858619	-0.401194	0
0	0	0	1

MATRIX JOINT #8
0.245176	0.947714	-0.204272	0
0.912009	-0.29693	-0.282968	0
-0.328827	-0.116921	-0.937124	0
0	0	0	1

MATRIX JOINT #9
-0.0407191	0.277464	-0.959873	0
0.831166	-0.523757	-0.186658	0
-0.554531	-0.805414	-0.209292	0
0	0	0	1

MATRIX JOINT #10
-0.0407191	0.277464	-0.959873	0
0.296682	-0.913985	-0.276786	0
-0.954108	-0.296047	-0.045102	0
0	0	0	1

MATRIX JOINT #11
-0.000957798	0.153626	-0.988129	0
0.325017	-0.934434	-0.145593	0
-0.945708	-0.321298	-0.0490359	0
0	0	0	1

MATRIX JOINT #12
0.913844	-0.385699	-0.126989	0
-0.387783	-0.921708	0.00888909	0
-0.120475	0.0411208	-0.991864	0
0	0	0	1

MATRIX JOINT #13
0.993002	-0.0853045	-0.0816663	0
-0.080837	-0.995123	0.0565361	0
-0.0860908	-0.0495388	-0.995055	0
0	0	0	1

MATRIX JOINT #14
0.996849	0.0230146	-0.0759042	0
0.018683	-0.998183	-0.0572916	0
-0.0770848	0.055693	-0.995468	0
0	0	0	1

MATRIX JOINT #15
0.559906	-0.823356	0.0926862	0
-0.825483	-0.544702	0.147911	0
-0.0712966	-0.159327	-0.984648	0
0	0	0	1

MATRIX JOINT #16
0.373811	0.927479	-0.00695269	0
0.919647	-0.371607	-0.127109	0
-0.120475	0.0411208	-0.991864	0
0	0	0	1

MATRIX JOINT #17
0.986067	0.120496	-0.114687	0
0.114842	-0.991876	-0.054715	0
-0.120348	0.0407818	-0.991894	0
0	0	0	1

MATRIX JOINT #18
0.991656	0.0108032	-0.128461	0
-0.00440329	-0.993063	-0.117505	0
-0.12884	0.11709	-0.984729	0
0	0	0	1

MATRIX JOINT #19
0.994827	0.0969339	-0.0303951	0
0.0407411	-0.654778	-0.754723	0
-0.0930603	0.74958	-0.65534	0
0	0	0	1

MATRIX JOINT #0
-0.929375	-0.35598	0.0976767	0
-0.349061	0.93358	0.0811512	0
-0.120077	0.0413247	-0.991904	0
0	0	0	1

MATRIX JOINT #1
-0.888557	-0.393744	0.23544	0
-0.252606	0.848314	0.465354	0
-0.382957	0.35402	-0.853237	0
0	0	0	1

MATRIX JOINT #2
-0.867002	-0.417812	0.271552	0
-0.442041	0.896421	-0.0320912	0
-0.230017	-0.14786	-0.961889	0
0	0	0	1

MATRIX JOINT #3
-0.659964	-0.712428	0.238526	0
-0.703477	0.697445	0.136713	0
-0.263757	-0.0775715	-0.961465	0
0	0	0	1

MATRIX JOINT #4
0.889939	-0.431938	-0.146415	0
-0.419621	-0.90123	0.108175	0
-0.178678	-0.0348304	-0.983291	0
0	0	0	1

MATRIX JOINT #5
0.670102	-0.0850388	-0.737381	0
-0.393327	-0.883158	-0.255589	0
-0.629489	0.461303	-0.625254	0
0	0	0	1

MATRIX JOINT #6
0.670102	-0.0850388	-0.737381	0
-0.681108	-0.465328	-0.565299	0
-0.295051	0.881044	-0.369738	0
0	0	0	1

MATRIX JOINT #7
0.644651	-0.102061	-0.757633	0
-0.693249	-0.495773	-0.523082	0
-0.322228	0.862434	-0.390355	0
0	0	0	1

MATRIX JOINT #8
0.244502	0.947908	-0.204179	0
0.9121	-0.296297	-0.283339	0
-0.329077	-0.116955	-0.937032	0
0	0	0	1

MATRIX JOINT #9
-0.0416874	0.276954	-0.959978	0
0.831956	-0.522434	-0.18685	0
-0.553274	-0.806449	-0.208635	0
0	0	0	1

MATRIX JOINT #10
-0.0416874	0.276954	-0.959978	0
0.296831	-0.914	-0.276579	0
-0.95402	-0.296481	-0.0441062	0
0	0	0	1

MATRIX JOINT #11
-0.00267779	0.155571	-0.987821	0
0.327326	-0.93327	-0.147867	0
-0.944908	-0.323736	-0.0484232	0
0	0	0	1

MATRIX JOINT #12
0.913946	-0.38555	-0.126703	0
-0.387664	-0.921761	0.00852711	0
-0.120077	0.0413247	-0.991904	0
0	0	0	1

MATRIX JOINT #13
0.993048	-0.0853133	-0.0810987	0
-0.0808621	-0.995113	0.0566764	0
-0.0855376	-0.0497246	-0.995093	0
0	0	0	1

MATRIX JOINT #14
0.996887	0.0232913	-0.075327	0
0.0189979	-0.998181	-0.0572198	0
-0.0765227	0.0556106	-0.995516	0
0	0	0	1

MATRIX JOINT #15
0.559404	-0.822927	0.0992865	0
-0.825898	-0.543191	0.151116	0
-0.0704258	-0.166535	-0.983517	0
0	0	0	1

MATRIX JOINT #16
0.373666	0.92754	-0.00659177	0
0.919758	-0.371432	-0.126818	0
-0.120077	0.0413247	-0.991904	0
0	0	0	1

MATRIX JOINT #17
0.986116	0.120495	-0.114261	0
0.114843	-0.991869	-0.0548415	0
-0.11994	0.040958	-0.991936	0
0	0	0	1

MATRIX JOINT #18
0.991715	0.0109886	-0.127989	0
-0.004139	-0.993084	-0.117333	0
-0.128393	0.11689	-0.984811	0
0	0	0	1

MATRIX JOINT #19
0.99459	0.100587	-0.0259404	0
0.0464871	-0.654312	-0.754794	0
-0.0928956	0.749505	-0.655448	0
0	0	0	1

MATRIX JOINT #0
-0.929402	-0.356019	0.0972693	0
-0.349113	0.933556	0.0811968	0
-0.119714	0.0415065	-0.99194	0
0	0	0	1

MATRIX JOINT #1
-0.888361	-0.394307	0.235236	0
-0.252731	0.847672	0.466454	0
-0.383329	0.354928	-0.852693	0
0	0	0	1

MATRIX JOINT #2
-0.866843	-0.418158	0.271529	0
-0.442401	0.896242	-0.0321199	0
-0.229924	-0.147967	-0.961894	0
0	0	0	1

MATRIX JOINT #3
-0.657663	-0.71485	0.237632	0
-0.705439	0.695084	0.138613	0
-0.264262	-0.076474	-0.961414	0
0	0	0	1

MATRIX JOINT #4
0.889973	-0.431911	-0.146292	0
-0.419655	-0.901252	0.107862	0
-0.178433	-0.0346017	-0.983344	0
0	0	0	1

MATRIX JOINT #5
0.66532	-0.0794047	-0.742324	0
-0.393374	-0.882383	-0.258182	0
-0.634513	0.463784	-0.618303	0
0	0	0	1

MATRIX JOINT #6
0.66532	-0.0794047	-0.742324	0
-0.684573	-0.461578	-0.564186	0
-0.297841	0.883539	-0.361455	0
0	0	0	1

MATRIX JOINT #7
0.640951	-0.0955121	-0.761616	0
-0.695696	-0.491534	-0.523833	0
-0.324328	0.865605	-0.381496	0
0	0	0	1

MATRIX JOINT #8
0.243887	0.948075	-0.204139	0
0.912182	-0.295733	-0.283666	0
-0.329308	-0.117029	-0.936942	0
0	0	0	1

MATRIX JOINT #9
-0.0426133	0.276441	-0.960086	0
0.832664	-0.521236	-0.187039	0
-0.552136	-0.807399	-0.207971	0
0	0	0	1

MATRIX JOINT #10
-0.0426133	0.276441	-0.960086	0
0.296937	-0.914032	-0.27636	0
-0.953946	-0.296861	-0.0431356	0
0	0	0	1

MATRIX JOINT #11
-0.00432923	0.157404	-0.987525	0
0.329095	-0.9323	-0.150045	0
-0.944287	-0.325639	-0.047765	0
0	0	0	1

MATRIX JOINT #12
0.914049	-0.385392	-0.12644	0
-0.387534	-0.921819	0.00819787	0
-0.119714	0.0415065	-0.99194	0
0	0	0	1

MATRIX JOINT #13
0.993089	-0.0853243	-0.0805817	0
-0.0808877	-0.995103	0.056808	0
-0.0850341	-0.0498974	-0.995128	0
0	0	0	1

MATRIX JOINT #14
0.996921	0.0235324	-0.0747971	0
0.0192707	-0.998177	-0.0571963	0
-0.0760067	0.0555788	-0.995557	0
0	0	0	1

MATRIX JOINT #15
0.559066	-0.822534	0.104322	0
-0.826191	-0.54209	0.153449	0
-0.0696656	-0.171978	-0.982634	0
0	0	0	1

MATRIX JOINT #16
0.373535	0.927595	-0.00626659	0
0.919859	-0.371274	-0.12655	0
-0.119714	0.0415065	-0.99194	0
0	0	0	1

MATRIX JOINT #17
0.986162	0.120486	-0.113878	0
0.114835	-0.991862	-0.0549714	0
-0.119575	0.0411335	-0.991973	0
0	0	0	1

MATRIX JOINT #18
0.991768	0.0111789	-0.127559	0
-0.00387711	-0.993104	-0.117177	0
-0.127989	0.116707	-0.984885	0
0	0	0	1

MATRIX JOINT #19
0.994333	0.104065	-0.0217354	0
0.0519308	-0.653856	-0.754835	0
-0.0927634	0.749429	-0.655555	0
0	0	0	1

MATRIX JOINT #0
-0.929426	-0.356054	0.0969107	0
-0.349158	0.933536	0.0812408	0
-0.119396	0.0416702	-0.991972	0
0	0	0	1

MATRIX JOINT #1
-0.888173	-0.394828	0.235072	0
-0.25282	0.847066	0.467506	0
-0.383706	0.355796	-0.852161	0
0	0	0	1

MATRIX JOINT #2
-0.866684	-0.418469	0.271556	0
-0.442735	0.896076	-0.0321544	0
-0.229879	-0.148095	-0.961885	0
0	0	0	1

MATRIX JOINT #3
-0.654559	-0.718074	0.23648	0
-0.708055	0.691908	0.141141	0
-0.264972	-0.0750555	-0.961331	0
0	0	0	1

MATRIX JOINT #4
0.890054	-0.431762	-0.146237	0
-0.419557	-0.901331	0.107586	0
-0.178259	-0.0344029	-0.983382	0
0	0	0	1

MATRIX JOINT #5
0.681117	-0.095663	-0.725898	0
-0.388063	-0.887887	-0.247112	0
-0.620876	0.450006	-0.641878	0
0	0	0	1

MATRIX JOINT #6
0.681117	-0.095663	-0.725898	0
-0.67609	-0.462724	-0.573401	0
-0.281037	0.881326	-0.379846	0
0	0	0	1

MATRIX JOINT #7
0.643841	-0.120365	-0.755633	0
-0.702309	-0.484925	-0.521162	0
-0.303696	0.866233	-0.396748	0
0	0	0	1

MATRIX JOINT #8
0.243373	0.948204	-0.204152	0
0.91223	-0.295282	-0.28398	0
-0.329554	-0.11712	-0.936844	0
0	0	0	1

MATRIX JOINT #9
-0.0433217	0.276166	-0.960133	0
0.83333	-0.520112	-0.187202	0
-0.551076	-0.808218	-0.207605	0
0	0	0	1

MATRIX JOINT #10
-0.0433217	0.276166	-0.960133	0
0.297019	-0.914022	-0.276304	0
-0.953888	-0.297148	-0.0424294	0
0	0	0	1

MATRIX JOINT #11
-0.00528014	0.157945	-0.987434	0
0.330717	-0.931607	-0.150783	0
-0.943715	-0.327357	-0.047316	0
0	0	0	1

MATRIX JOINT #12
0.914151	-0.385225	-0.126211	0
-0.387392	-0.921881	0.00790138	0
-0.119396	0.0416702	-0.991972	0
0	0	0	1

MATRIX JOINT #13
0.993124	-0.0853592	-0.0801184	0
-0.0809349	-0.995092	0.0569396	0
-0.0845855	-0.0500637	-0.995158	0
0	0	0	1

MATRIX JOINT #14
0.996951	0.0237717	-0.0743148	0
0.0195354	-0.99817	-0.0572216	0
-0.0755391	0.0555953	-0.995592	0
0	0	0	1

MATRIX JOINT #15
0.559608	-0.821835	0.106895	0
-0.825876	-0.542258	0.154547	0
-0.0690469	-0.174768	-0.982186	0
0	0	0	1

MATRIX JOINT #16
0.373413	0.927646	-0.00597668	0
0.91995	-0.371129	-0.126317	0
-0.119396	0.0416702	-0.991972	0
0	0	0	1

MATRIX JOINT #17
0.986201	0.120477	-0.113543	0
0.114825	-0.991857	-0.055096	0
-0.119257	0.0412981	-0.992004	0
0	0	0	1

MATRIX JOINT #18
0.991815	0.0113885	-0.127177	0
-0.00360282	-0.993122	-0.11703	0
-0.127635	0.11653	-0.984952	0
0	0	0	1

MATRIX JOINT #19
0.994075	0.107199	-0.0179964	0
0.0568006	-0.653445	-0.75484	0
-0.0926777	0.749346	-0.655662	0
0	0	0	1

MATRIX JOINT #0
-0.929447	-0.356089	0.0965898	0
-0.349201	0.933516	0.0812784	0
-0.11911	0.0418147	-0.992	0
0	0	0	1

MATRIX JOINT #1
-0.88799	-0.395292	0.234983	0
-0.252858	0.846515	0.468482	0
-0.384104	0.35659	-0.85165	0
0	0	0	1

MATRIX JOINT #2
-0.86653	-0.418728	0.271649	0
-0.44303	0.895928	-0.0322016	0
-0.229894	-0.148252	-0.961858	0
0	0	0	1

MATRIX JOINT #3
-0.64997	-0.722853	0.234571	0
-0.711773	0.687194	0.14541	0
-0.266306	-0.0724491	-0.961162	0
0	0	0	1

MATRIX JOINT #4
0.89013	-0.431609	-0.146226	0
-0.419436	-0.90141	0.107397	0
-0.178163	-0.034265	-0.983404	0
0	0	0	1

MATRIX JOINT #5
0.682686	-0.0967285	-0.724282	0
-0.386428	-0.889045	-0.245503	0
-0.620172	0.447484	-0.644317	0
0	0	0	1

MATRIX JOINT #6
0.682686	-0.0967285	-0.724282	0
-0.67604	-0.459798	-0.575808	0
-0.277326	0.88274	-0.37929	0
0	0	0	1

MATRIX JOINT #7
0.643749	-0.12233	-0.755395	0
-0.704348	-0.480597	-0.522418	0
-0.299133	0.868368	-0.395546	0
0	0	0	1

MATRIX JOINT #8
0.242934	0.948301	-0.204226	0
0.912248	-0.294924	-0.284296	0
-0.32983	-0.11724	-0.936732	0
0	0	0	1

MATRIX JOINT #9
-0.0439945	0.276102	-0.960121	0
0.833095	-0.520277	-0.18779	0
-0.551378	-0.808134	-0.20713	0
0	0	0	1

MATRIX JOINT #10
-0.0439945	0.276102	-0.960121	0
0.296716	-0.914074	-0.276456	0
-0.953952	-0.297046	-0.0417095	0
0	0	0	1

MATRIX JOINT #11
-0.00517067	0.155314	-0.987852	0
0.332397	-0.931426	-0.148182	0
-0.943125	-0.329125	-0.0468099	0
0	0	0	1

MATRIX JOINT #12
0.914255	-0.385047	-0.126006	0
-0.387236	-0.921949	0.00763262	0
-0.11911	0.0418147	-0.992	0
0	0	0	1

MATRIX JOINT #13
0.993154	-0.0854029	-0.0797013	0
-0.0809893	-0.99508	0.0570622	0
-0.0841825	-0.0502166	-0.995184	0
0	0	0	1

MATRIX JOINT #14
0.996979	0.0240096	-0.0738743	0
0.0197934	-0.998162	-0.0572852	0
-0.0751139	0.0556499	-0.995621	0
0	0	0	1

MATRIX JOINT #15
0.55979	-0.821478	0.108666	0
-0.825798	-0.542214	0.155117	0
-0.0685049	-0.17657	-0.981901	0
0	0	0	1

MATRIX JOINT #16
0.373302	0.927692	-0.00571874	0
0.920032	-0.370997	-0.126109	0
-0.11911	0.0418147	-0.992	0
0	0	0	1

MATRIX JOINT #17
0.986236	0.12047	-0.113246	0
0.114816	-0.991851	-0.0552158	0
-0.118975	0.0414534	-0.992032	0
0	0	0	1

MATRIX JOINT #18
0.991856	0.0116051	-0.126837	0
-0.00333192	-0.993135	-0.116923	0
-0.127323	0.116394	-0.985008	0
0	0	0	1

MATRIX JOINT #19
0.993873	0.109445	-0.015452	0
0.0602408	-0.653571	-0.754464	0
-0.092671	0.748911	-0.656159	0
0	0	0	1

MATRIX JOINT #0
-0.929464	-0.35612	0.0963031	0
-0.34924	0.933498	0.081321	0
-0.118859	0.0419521	-0.992024	0
0	0	0	1

MATRIX JOINT #1
-0.887813	-0.395672	0.235015	0
-0.252805	0.846037	0.469373	0
-0.384549	0.357302	-0.85115	0
0	0	0	1

MATRIX JOINT #2
-0.866359	-0.41893	0.271883	0
-0.443288	0.895799	-0.0322549	0
-0.23004	-0.148467	-0.96179	0
0	0	0	1

MATRIX JOINT #3
-0.646839	-0.726075	0.233269	0
-0.71416	0.684003	0.148714	0
-0.267534	-0.0703976	-0.960973	0
0	0	0	1

MATRIX JOINT #4
0.890085	-0.431693	-0.146251	0
-0.419496	-0.901366	0.107529	0
-0.178245	-0.0343582	-0.983386	0
0	0	0	1

MATRIX JOINT #5
0.699582	-0.114666	-0.705292	0
-0.38419	-0.892591	-0.235962	0
-0.602481	0.436041	-0.668494	0
0	0	0	1

MATRIX JOINT #6
0.699582	-0.114666	-0.705292	0
-0.665404	-0.464282	-0.584533	0
-0.260428	0.878233	-0.401103	0
0	0	0	1

MATRIX JOINT #7
0.651649	-0.146654	-0.744209	0
-0.705758	-0.476759	-0.52403	0
-0.277957	0.866714	-0.414181	0
0	0	0	1

MATRIX JOINT #8
0.242517	0.94837	-0.2044	0
0.912261	-0.294616	-0.284573	0
-0.3301	-0.117452	-0.93661	0
0	0	0	1

MATRIX JOINT #9
-0.0447495	0.275783	-0.960178	0
0.8332	-0.519969	-0.188178	0
-0.551158	-0.808441	-0.206514	0
0	0	0	1

MATRIX JOINT #10
-0.0447495	0.275783	-0.960178	0
0.296609	-0.914132	-0.276381	0
-0.95395	-0.297165	-0.0408927	0
0	0	0	1

MATRIX JOINT #11
-0.00681672	0.157766	-0.987453	0
0.331032	-0.931443	-0.151102	0
-0.943595	-0.327909	-0.0458761	0
0	0	0	1

MATRIX JOINT #12
0.914366	-0.384841	-0.125829	0
-0.38705	-0.922029	0.00738339	0
-0.118859	0.0419521	-0.992024	0
0	0	0	1

MATRIX JOINT #13
0.99318	-0.0854559	-0.0793163	0
-0.0810505	-0.995068	0.0571965	0
-0.0838128	-0.0503778	-0.995207	0
0	0	0	1

MATRIX JOINT #14
0.997003	0.0242535	-0.0734614	0
0.0200532	-0.998151	-0.0573839	0
-0.0747173	0.0557388	-0.995646	0
0	0	0	1

MATRIX JOINT #15
0.562155	-0.817536	0.124965	0
-0.824287	-0.541557	0.165127	0
-0.0673211	-0.195834	-0.978323	0
0	0	0	1

MATRIX JOINT #16
0.373215	0.927729	-0.00548339	0
0.9201	-0.37089	-0.125925	0
-0.118859	0.0419521	-0.992024	0
0	0	0	1

MATRIX JOINT #17
0.986268	0.120462	-0.112982	0
0.114805	-0.991846	-0.0553244	0
-0.118725	0.0415938	-0.992056	0
0	0	0	1

MATRIX JOINT #18
0.991892	0.0118203	-0.126531	0
-0.00306903	-0.993146	-0.116836	0
-0.127045	0.116277	-0.985058	0
0	0	0	1

MATRIX JOINT #19
0.993682	0.111456	-0.013209	0
0.0632985	-0.653707	-0.754096	0
-0.0926831	0.748495	-0.656631	0
0	0	0	1

MATRIX JOINT #0
-0.929473	-0.356168	0.0960454	0
-0.349294	0.933474	0.0813578	0
-0.118633	0.0420717	-0.992047	0
0	0	0	1

MATRIX JOINT #1
-0.887611	-0.396023	0.235184	0
-0.252698	0.84561	0.4702	0
-0.385085	0.357924	-0.850647	0
0	0	0	1

MATRIX JOINT #2
-0.866218	-0.419034	0.27217	0
-0.443456	0.895713	-0.0323148	0
-0.230245	-0.148687	-0.961706	0
0	0	0	1

MATRIX JOINT #3
-0.645136	-0.727793	0.23263	0
-0.715362	0.6823	0.150742	0
-0.268433	-0.0691653	-0.960812	0
0	0	0	1

MATRIX JOINT #4
0.890047	-0.431743	-0.146338	0
-0.419494	-0.901334	0.1078	0
-0.178442	-0.0345593	-0.983343	0
0	0	0	1

MATRIX JOINT #5
0.711963	-0.127979	-0.690456	0
-0.382469	-0.895284	-0.228437	0
-0.588919	0.426717	-0.686358	0
0	0	0	1

MATRIX JOINT #6
0.711963	-0.127979	-0.690456	0
-0.657147	-0.468006	-0.59087	0
-0.247519	0.874409	-0.417305	0
0	0	0	1

MATRIX JOINT #7
0.39976	0.484504	0.778105	0
0.424052	-0.850337	0.311619	0
0.812632	0.205384	-0.545386	0
0	0	0	1

MATRIX JOINT #8
0.242207	0.948403	-0.204618	0
0.912244	-0.294424	-0.284826	0
-0.330374	-0.117674	-0.936486	0
0	0	0	1

MATRIX JOINT #9
-0.0458533	0.275102	-0.960321	0
0.832965	-0.520128	-0.188773	0
-0.551422	-0.80857	-0.205301	0
0	0	0	1

MATRIX JOINT #10
-0.0458533	0.275102	-0.960321	0
0.296242	-0.914343	-0.276076	0
-0.954012	-0.297146	-0.0395711	0
0	0	0	1

MATRIX JOINT #11
-0.0089989	0.160334	-0.987022	0
0.329625	-0.931417	-0.154306	0
-0.944069	-0.326736	-0.0444682	0
0	0	0	1

MATRIX JOINT #12
0.914461	-0.384667	-0.125668	0
-0.386894	-0.922096	0.00716114	0
-0.118633	0.0420717	-0.992047	0
0	0	0	1

MATRIX JOINT #13
0.993205	-0.0854883	-0.0789656	0
-0.08109	-0.995057	0.0573262	0
-0.083476	-0.0505334	-0.995228	0
0	0	0	1

MATRIX JOINT #14
0.997026	0.0244726	-0.0730835	0
0.0202852	-0.99814	-0.057498	0
-0.0743546	0.0558444	-0.995667	0
0	0	0	1

MATRIX JOINT #15
0.562394	-0.817112	0.126653	0
-0.824164	-0.541557	0.165741	0
-0.066839	-0.197595	-0.978002	0
0	0	0	1

MATRIX JOINT #16
0.37314	0.92776	-0.00527615	0
0.920159	-0.370798	-0.125762	0
-0.118633	0.0420717	-0.992047	0
0	0	0	1

MATRIX JOINT #17
0.986296	0.120451	-0.112746	0
0.114793	-0.991842	-0.0554241	0
-0.118502	0.0417221	-0.992077	0
0	0	0	1

MATRIX JOINT #18
0.991925	0.0120356	-0.126256	0
-0.0028114	-0.993156	-0.116762	0
-0.126797	0.116175	-0.985102	0
0	0	0	1

MATRIX JOINT #19
0.993477	0.113495	-0.0110271	0
0.0663512	-0.654022	-0.75356	0
-0.092737	0.747913	-0.657287	0
0	0	0	1

MATRIX JOINT #0
-0.929466	-0.356242	0.0958373	0
-0.349373	0.933441	0.0814024	0
-0.118457	0.0421778	-0.992063	0
0	0	0	1

MATRIX JOINT #1
-0.887322	-0.396389	0.235658	0
-0.252516	0.845246	0.470951	0
-0.385869	0.358377	-0.8501	0
0	0	0	1

MATRIX JOINT #2
-0.866073	-0.41902	0.272653	0
-0.443537	0.89567	-0.0323934	0
-0.230634	-0.148987	-0.961567	0
0	0	0	1

MATRIX JOINT #3
-0.644234	-0.728618	0.232547	0
-0.715858	0.681485	0.152067	0
-0.269276	-0.068504	-0.960624	0
0	0	0	1

MATRIX JOINT #4
0.889965	-0.43184	-0.14655	0
-0.419458	-0.901268	0.108499	0
-0.178935	-0.0350887	-0.983235	0
0	0	0	1

MATRIX JOINT #5
0.720769	-0.137834	-0.679334	0
-0.37961	-0.898494	-0.220463	0
-0.57999	0.416785	-0.69993	0
0	0	0	1

MATRIX JOINT #6
0.720769	-0.137834	-0.679334	0
-0.65139	-0.4698	-0.5958	0
-0.23703	0.871946	-0.428401	0
0	0	0	1

MATRIX JOINT #7
-0.590763	0.220704	0.776072	0
0.798082	0.0184672	0.602266	0
0.118591	0.975166	-0.18705	0
0	0	0	1

MATRIX JOINT #8
0.242007	0.948373	-0.204989	0
0.912184	-0.294387	-0.285057	0
-0.330687	-0.118001	-0.936334	0
0	0	0	1

MATRIX JOINT #9
-0.0469403	0.274331	-0.960489	0
0.832716	-0.520333	-0.189311	0
-0.551708	-0.808701	-0.204015	0
0	0	0	1

MATRIX JOINT #10
-0.0469403	0.274331	-0.960489	0
0.295789	-0.914608	-0.275682	0
-0.954099	-0.297043	-0.0382122	0
0	0	0	1

MATRIX JOINT #11
-0.0110467	0.162408	-0.986662	0
0.328627	-0.931323	-0.156978	0
-0.944395	-0.325978	-0.0430836	0
0	0	0	1

MATRIX JOINT #12
0.914529	-0.384544	-0.125548	0
-0.386787	-0.922143	0.00697801	0
-0.118457	0.0421778	-0.992063	0
0	0	0	1

MATRIX JOINT #13
0.993227	-0.0854977	-0.0786738	0
-0.081104	-0.995049	0.057448	0
-0.0831959	-0.0506781	-0.995244	0
0	0	0	1

MATRIX JOINT #14
0.997044	0.0246847	-0.072765	0
0.0205061	-0.998128	-0.0576231	0
-0.0740511	0.0559606	-0.995683	0
0	0	0	1

MATRIX JOINT #15
0.562223	-0.817437	0.125306	0
-0.824303	-0.541734	0.164465	0
-0.0665572	-0.195757	-0.978391	0
0	0	0	1

MATRIX JOINT #16
0.373067	0.92779	-0.00510095	0
0.920211	-0.370711	-0.12564	0
-0.118457	0.0421778	-0.992063	0
0	0	0	1

MATRIX JOINT #17
0.986319	0.120437	-0.112561	0
0.114776	-0.991839	-0.0555098	0
-0.118328	0.0418311	-0.992093	0
0	0	0	1

MATRIX JOINT #18
0.991951	0.0122211	-0.126033	0
-0.0025873	-0.993168	-0.116668	0
-0.126598	0.116055	-0.985142	0
0	0	0	1

MATRIX JOINT #19
0.993303	0.115185	-0.00905136	0
0.0689355	-0.653688	-0.753618	0
-0.0927223	0.747947	-0.657251	0
0	0	0	1

MATRIX JOINT #0
-0.929443	-0.356334	0.0957164	0
-0.349465	0.933403	0.0814446	0
-0.118363	0.0422486	-0.992071	0
0	0	0	1

MATRIX JOINT #1
-0.886973	-0.396722	0.236411	0
-0.252231	0.844964	0.471609	0
-0.386856	0.358674	-0.849526	0
0	0	0	1

MATRIX JOINT #2
-0.86594	-0.418877	0.273295	0
-0.44351	0.895681	-0.0324644	0
-0.231186	-0.149321	-0.961382	0
0	0	0	1

MATRIX JOINT #3
-0.64655	-0.726429	0.232967	0
-0.713258	0.683956	0.15319	0
-0.270621	-0.0671209	-0.960343	0
0	0	0	1

MATRIX JOINT #4
0.889899	-0.431849	-0.146922	0
-0.41928	-0.901235	0.10945	0
-0.179677	-0.0357984	-0.983074	0
0	0	0	1

MATRIX JOINT #5
0.72831	-0.146522	-0.6694	0
-0.376472	-0.901795	-0.212214	0
-0.572567	0.406568	-0.711948	0
0	0	0	1

MATRIX JOINT #6
0.72831	-0.146522	-0.6694	0
-0.643202	-0.483093	-0.594064	0
-0.236339	0.863222	-0.446085	0
0	0	0	1

MATRIX JOINT #7
-0.602004	0.230281	0.764566	0
0.797374	0.122705	0.590879	0
0.0422527	0.965357	-0.257489	0
0	0	0	1

MATRIX JOINT #8
0.241746	0.948345	-0.205429	0
0.91212	-0.294319	-0.285331	0
-0.331054	-0.118399	-0.936155	0
0	0	0	1

MATRIX JOINT #9
-0.0477908	0.273541	-0.960672	0
0.832365	-0.520756	-0.189687	0
-0.552163	-0.808696	-0.202799	0
0	0	0	1

MATRIX JOINT #10
-0.0477908	0.273541	-0.960672	0
0.295324	-0.914904	-0.2752	0
-0.954201	-0.296862	-0.0370593	0
0	0	0	1

MATRIX JOINT #11
-0.0127916	0.164247	-0.986336	0
0.327696	-0.931253	-0.159324	0
-0.944697	-0.325256	-0.0419108	0
0	0	0	1

MATRIX JOINT #12
0.914572	-0.384461	-0.12549	0
-0.386714	-0.922174	0.00686671	0
-0.118363	0.0422486	-0.992071	0
0	0	0	1

MATRIX JOINT #13
0.993243	-0.0854869	-0.0784837	0
-0.0810936	-0.995043	0.0575597	0
-0.0830152	-0.0508062	-0.995252	0
0	0	0	1

MATRIX JOINT #14
0.997054	0.0248955	-0.0725491	0
0.0207196	-0.998116	-0.0577552	0
-0.0738502	0.0560818	-0.995691	0
0	0	0	1

MATRIX JOINT #15
0.560953	-0.81948	0.117412	0
-0.825158	-0.542054	0.159033	0
-0.066681	-0.186093	-0.980267	0
0	0	0	1

MATRIX JOINT #16
0.373009	0.927814	-0.00499137	0
0.920247	-0.370643	-0.125578	0
-0.118363	0.0422486	-0.992071	0
0	0	0	1

MATRIX JOINT #17
0.986335	0.120399	-0.112463	0
0.114735	-0.991841	-0.0555699	0
-0.118236	0.0419072	-0.992101	0
0	0	0	1

MATRIX JOINT #18
0.991966	0.0124064	-0.125894	0
-0.00237285	-0.993179	-0.116571	0
-0.126482	0.115933	-0.985171	0
0	0	0	1

MATRIX JOINT #19
0.993208	0.116074	-0.00807394	0
0.0702418	-0.653463	-0.753692	0
-0.09276	0.748006	-0.657178	0
0	0	0	1

MATRIX JOINT #0
-0.929425	-0.356373	0.0957443	0
-0.349506	0.93339	0.0814203	0
-0.118383	0.0422108	-0.99207	0
0	0	0	1

MATRIX JOINT #1
-0.886652	-0.396903	0.237309	0
-0.251761	0.84476	0.472225	0
-0.387897	0.358954	-0.848933	0
0	0	0	1

MATRIX JOINT #2
-0.866027	-0.418188	0.274072	0
-0.442921	0.895973	-0.0324609	0
-0.231987	-0.149504	-0.961161	0
0	0	0	1

MATRIX JOINT #3
-0.655479	-0.717955	0.234282	0
-0.704223	0.693124	0.153782	0
-0.272795	-0.064186	-0.959929	0
0	0	0	1

MATRIX JOINT #4
0.889721	-0.432002	-0.147548	0
-0.419239	-0.901139	0.110391	0
-0.180651	-0.0363597	-0.982875	0
0	0	0	1

MATRIX JOINT #5
0.734975	-0.156322	-0.65983	0
-0.369797	-0.908034	-0.196787	0
-0.568386	0.388637	-0.725189	0
0	0	0	1

MATRIX JOINT #6
0.734975	-0.156322	-0.65983	0
-0.632214	-0.509816	-0.583432	0
-0.245189	0.845962	-0.473531	0
0	0	0	1

MATRIX JOINT #7
0.879292	0.39977	0.258901	0
0.330075	-0.903356	0.27386	0
0.34336	-0.155346	-0.926267	0
0	0	0	1

MATRIX JOINT #8
0.241321	0.948381	-0.205762	0
0.91203	-0.294091	-0.285854	0
-0.331611	-0.118678	-0.935922	0
0	0	0	1

MATRIX JOINT #9
-0.0479215	0.272923	-0.960842	0
0.831394	-0.52226	-0.189811	0
-0.553613	-0.807934	-0.201879	0
0	0	0	1

MATRIX JOINT #10
-0.0479215	0.272923	-0.960842	0
0.294776	-0.915239	-0.274671	0
-0.954364	-0.296396	-0.0365915	0
0	0	0	1

MATRIX JOINT #11
-0.0137675	0.166059	-0.98602	0
0.326524	-0.931306	-0.161403	0
-0.945089	-0.324181	-0.0414004	0
0	0	0	1

MATRIX JOINT #12
0.914588	-0.384422	-0.125493	0
-0.38667	-0.922192	0.00690338	0
-0.118383	0.0422108	-0.99207	0
0	0	0	1

MATRIX JOINT #13
0.993246	-0.0854691	-0.0784751	0
-0.0810694	-0.99504	0.0576406	0
-0.0830124	-0.0508893	-0.995248	0
0	0	0	1

MATRIX JOINT #14
0.99705	0.0251447	-0.072515	0
0.0209617	-0.998103	-0.0578801	0
-0.0738328	0.0561893	-0.995686	0
0	0	0	1

MATRIX JOINT #15
0.560705	-0.820289	0.112849	0
-0.825316	-0.542665	0.156104	0
-0.0668113	-0.180665	-0.981273	0
0	0	0	1

MATRIX JOINT #16
0.37302	0.927809	-0.00503553	0
0.92024	-0.370659	-0.125582	0
-0.118383	0.0422108	-0.99207	0
0	0	0	1

MATRIX JOINT #17
0.986335	0.120362	-0.112504	0
0.114693	-0.991844	-0.0555946	0
-0.118278	0.0419315	-0.992095	0
0	0	0	1

MATRIX JOINT #18
0.991964	0.0125885	-0.125895	0
-0.00217678	-0.993193	-0.116463	0
-0.126504	0.115801	-0.985184	0
0	0	0	1

MATRIX JOINT #19
0.993189	0.116244	-0.00799787	0
0.0703752	-0.65316	-0.753942	0
-0.092865	0.748244	-0.656892	0
0	0	0	1

MATRIX JOINT #0
-0.929389	-0.356367	0.0961163	0
-0.349478	0.933396	0.0814673	0
-0.118747	0.0421243	-0.992031	0
0	0	0	1

MATRIX JOINT #1
-0.886188	-0.397024	0.238835	0
-0.250977	0.844646	0.472846	0
-0.389462	0.359089	-0.84816	0
0	0	0	1

MATRIX JOINT #2
-0.867541	-0.414291	0.2752	0
-0.439025	0.897895	-0.0322759	0
-0.233729	-0.14882	-0.960845	0
0	0	0	1

MATRIX JOINT #3
-0.662159	-0.711267	0.235892	0
-0.697311	0.700114	0.153616	0
-0.274413	-0.062772	-0.959561	0
0	0	0	1

MATRIX JOINT #4
0.888706	-0.433581	-0.149026	0
-0.420708	-0.900404	0.110801	0
-0.182224	-0.0357729	-0.982606	0
0	0	0	1

MATRIX JOINT #5
0.746036	-0.173872	-0.642806	0
-0.354359	-0.920941	-0.162162	0
-0.563791	0.348763	-0.748668	0
0	0	0	1

MATRIX JOINT #6
0.746036	-0.173872	-0.642806	0
-0.617448	-0.542119	-0.569969	0
-0.249376	0.822116	-0.511797	0
0	0	0	1

MATRIX JOINT #7
0.74251	-0.176954	-0.646039	0
-0.498365	-0.79037	-0.356297	0
-0.447561	0.586517	-0.675045	0
0	0	0	1

MATRIX JOINT #8
0.244977	0.947322	-0.206317	0
0.910181	-0.298024	-0.287666	0
-0.334	-0.117314	-0.935244	0
0	0	0	1

MATRIX JOINT #9
-0.0471834	0.272548	-0.960985	0
0.829685	-0.525032	-0.189643	0
-0.556234	-0.806262	-0.201356	0
0	0	0	1

MATRIX JOINT #10
-0.0471834	0.272548	-0.960985	0
0.29413	-0.915612	-0.274121	0
-0.9546	-0.295588	-0.0369628	0
0	0	0	1

MATRIX JOINT #11
-0.0137844	0.16778	-0.985728	0
0.324368	-0.931759	-0.16313	0
-0.945831	-0.321987	-0.0415788	0
0	0	0	1

MATRIX JOINT #12
0.914544	-0.384428	-0.125795	0
-0.386664	-0.922193	0.00712387	0
-0.118747	0.0421243	-0.992031	0
0	0	0	1

MATRIX JOINT #13
0.993216	-0.0854599	-0.0788583	0
-0.0810354	-0.995039	0.0577032	0
-0.0833985	-0.0509214	-0.995214	0
0	0	0	1

MATRIX JOINT #14
0.997017	0.0254305	-0.0728699	0
0.0212165	-0.998089	-0.0580311	0
-0.0742064	0.0563119	-0.995652	0
0	0	0	1

MATRIX JOINT #15
0.560528	-0.820904	0.109205	0
-0.825399	-0.543085	0.15419	0
-0.0672679	-0.176566	-0.981988	0
0	0	0	1

MATRIX JOINT #16
0.373165	0.92775	-0.00527334	0
0.920134	-0.370817	-0.125888	0
-0.118747	0.0421243	-0.992031	0
0	0	0	1

MATRIX JOINT #17
0.986296	0.120333	-0.112874	0
0.114656	-0.991852	-0.0555335	0
-0.118637	0.0418308	-0.992056	0
0	0	0	1

MATRIX JOINT #18
0.99192	0.0128327	-0.126219	0
-0.00195593	-0.993206	-0.11635	0
-0.126854	0.115657	-0.985156	0
0	0	0	1

MATRIX JOINT #19
0.993269	0.115466	-0.00923605	0
0.0688307	-0.652467	-0.754685	0
-0.0931665	0.748969	-0.656023	0
0	0	0	1

MATRIX JOINT #0
-0.930757	-0.344576	0.122307	0
-0.33728	0.938275	0.0767009	0
-0.141187	0.0301381	-0.989524	0
0	0	0	1

MATRIX JOINT #1
-0.887483	-0.390729	0.244345	0
-0.238563	0.843171	0.481821	0
-0.394285	0.369316	-0.841513	0
0	0	0	1

MATRIX JOINT #2
-0.872339	-0.403257	0.276423	0
-0.427696	0.903361	-0.0318708	0
-0.236858	-0.146027	-0.960507	0
0	0	0	1

MATRIX JOINT #3
-0.677761	-0.695224	0.23938	0
-0.681755	0.716129	0.149567	0
-0.27541	-0.0618276	-0.959337	0
0	0	0	1

MATRIX JOINT #4
0.885419	-0.439397	-0.151539	0
-0.426923	-0.897741	0.108615	0
-0.183768	-0.031474	-0.982466	0
0	0	0	1

MATRIX JOINT #5
0.759003	-0.19456	-0.621339	0
-0.323628	-0.940807	-0.100736	0
-0.56496	0.277542	-0.77704	0
0	0	0	1

MATRIX JOINT #6
0.759003	-0.19456	-0.621339	0
-0.606055	-0.559861	-0.565024	0
-0.237933	0.80542	-0.54285	0
0	0	0	1

MATRIX JOINT #7
0.766273	-0.187778	-0.614464	0
-0.557188	-0.670428	-0.489966	0
-0.319949	0.71782	-0.618359	0
0	0	0	1

MATRIX JOINT #8
0.257619	0.94381	-0.207017	0
0.904055	-0.311063	-0.293128	0
-0.341053	-0.111639	-0.933392	0
0	0	0	1

MATRIX JOINT #9
-0.0443846	0.272486	-0.961135	0
0.825227	-0.53224	-0.189001	0
-0.563054	-0.801544	-0.20124	0
0	0	0	1

MATRIX JOINT #10
-0.0443846	0.272486	-0.961135	0
0.292763	-0.916297	-0.273294	0
-0.955154	-0.293515	-0.0391044	0
0	0	0	1

MATRIX JOINT #11
-0.012276	0.171199	-0.98516	0
0.321589	-0.932214	-0.166006	0
-0.9468	-0.318854	-0.0436119	0
0	0	0	1

MATRIX JOINT #12
0.908459	-0.393258	-0.141598	0
-0.393406	-0.918934	0.0281437	0
-0.141187	0.0301381	-0.989524	0
0	0	0	1

MATRIX JOINT #13
0.990644	-0.0805092	-0.110199	0
-0.0750193	-0.995767	0.053095	0
-0.114008	-0.0443311	-0.99249	0
0	0	0	1

MATRIX JOINT #14
0.994141	0.0275418	-0.104527	0
0.0215375	-0.998076	-0.0581433	0
-0.105927	0.0555514	-0.992821	0
0	0	0	1

MATRIX JOINT #15
0.555674	-0.830294	0.0428697	0
-0.825293	-0.54462	0.149268	0
-0.100589	-0.118325	-0.987867	0
0	0	0	1

MATRIX JOINT #16
0.382431	0.923606	-0.0264355	0
0.913133	-0.382157	-0.141927	0
-0.141187	0.0301381	-0.989524	0
0	0	0	1

MATRIX JOINT #17
0.982749	0.123581	-0.137595	0
0.117448	-0.991724	-0.0518675	0
-0.142866	0.0348126	-0.98913	0
0	0	0	1

MATRIX JOINT #18
0.988393	0.0161731	-0.151058	0
-0.0015059	-0.993226	-0.116193	0
-0.151914	0.115072	-0.981672	0
0	0	0	1

MATRIX JOINT #19
0.991523	0.127625	-0.024374	0
0.0653487	-0.651969	-0.755425	0
-0.112302	0.747428	-0.654782	0
0	0	0	1

MATRIX JOINT #0
-0.929768	-0.332722	0.157571	0
-0.325063	0.94288	0.0728817	0
-0.17282	0.0165427	-0.984815	0
0	0	0	1

MATRIX JOINT #1
-0.887837	-0.382572	0.255703	0
-0.221081	0.841987	0.492119	0
-0.40357	0.38039	-0.832127	0
0	0	0	1

MATRIX JOINT #2
-0.879284	-0.386241	0.278707	0
-0.410399	0.911352	-0.0317747	0
-0.241727	-0.14232	-0.95985	0
0	0	0	1

MATRIX JOINT #3
-0.696405	-0.674836	0.244164	0
-0.661954	0.735452	0.144662	0
-0.277194	-0.0608816	-0.958883	0
0	0	0	1

MATRIX JOINT #4
0.882992	-0.442434	-0.15677	0
-0.43004	-0.896377	0.107584	0
-0.188124	-0.0275781	-0.981758	0
0	0	0	1

MATRIX JOINT #5
0.780225	-0.224423	-0.583852	0
-0.296916	-0.954435	-0.0299126	0
-0.550536	0.196694	-0.811309	0
0	0	0	1

MATRIX JOINT #6
0.780225	-0.224423	-0.583852	0
-0.589911	-0.574366	-0.567545	0
-0.207975	0.787234	-0.580525	0
0	0	0	1

MATRIX JOINT #7
0.783309	-0.221407	-0.580867	0
-0.58426	-0.581327	-0.566302	0
-0.212291	0.782967	-0.584718	0
0	0	0	1

MATRIX JOINT #8
0.273009	0.939252	-0.20802	0
0.896133	-0.326939	-0.300094	0
-0.349873	-0.104485	-0.930952	0
0	0	0	1

MATRIX JOINT #9
-0.0361287	0.275205	-0.960706	0
0.8169	-0.545617	-0.187019	0
-0.575647	-0.791558	-0.205102	0
0	0	0	1

MATRIX JOINT #10
-0.0361287	0.275205	-0.960706	0
0.290702	-0.916868	-0.273579	0
-0.956131	-0.289163	-0.0468773	0
0	0	0	1

MATRIX JOINT #11
-0.00573404	0.178468	-0.983929	0
0.318112	-0.932505	-0.170995	0
-0.948036	-0.31398	-0.0514258	0
0	0	0	1

MATRIX JOINT #12
0.901129	-0.40098	-0.16487	0
-0.397618	-0.915937	0.0543913	0
-0.17282	0.0165427	-0.984815	0
0	0	0	1

MATRIX JOINT #13
0.985696	-0.0741705	-0.151335	0
-0.0677325	-0.996583	0.0472689	0
-0.154324	-0.0363425	-0.987352	0
0	0	0	1

MATRIX JOINT #14
0.988814	0.0302892	-0.146048	0
0.0219682	-0.99806	-0.0582548	0
-0.147529	0.0543947	-0.987561	0
0	0	0	1

MATRIX JOINT #15
0.546763	-0.836002	-0.0463823	0
-0.824671	-0.547278	0.142846	0
-0.144804	-0.039853	-0.988658	0
0	0	0	1

MATRIX JOINT #16
0.393978	0.917549	-0.0537242	0
0.902727	-0.39728	-0.165087	0
-0.17282	0.0165427	-0.984815	0
0	0	0	1

MATRIX JOINT #17
0.976962	0.127476	-0.171156	0
0.121217	-0.991533	-0.0465745	0
-0.175644	0.0247544	-0.984142	0
0	0	0	1

MATRIX JOINT #18
0.982576	0.0208702	-0.184686	0
-0.000699965	-0.993253	-0.115965	0
-0.18586	0.114074	-0.975932	0
0	0	0	1

MATRIX JOINT #19
0.988475	0.144547	-0.044985	0
0.0609275	-0.651883	-0.755868	0
-0.138584	0.744415	-0.653177	0
0	0	0	1

MATRIX JOINT #0
-0.923581	-0.327746	0.19895	0
-0.318859	0.944741	0.076117	0
-0.212903	0.00686324	-0.977049	0
0	0	0	1

MATRIX JOINT #1
-0.886079	-0.373521	0.274492	0
-0.20016	0.842436	0.500237	0
-0.418091	0.388307	-0.821229	0
0	0	0	1

MATRIX JOINT #2
-0.8891	-0.359929	0.282761	0
-0.383792	0.922863	-0.0320568	0
-0.249411	-0.137023	-0.958655	0
0	0	0	1

MATRIX JOINT #3
-0.701388	-0.667851	0.249057	0
-0.656125	0.741462	0.14048	0
-0.278486	-0.0648818	-0.958246	0
0	0	0	1

MATRIX JOINT #4
0.881853	-0.441199	-0.166368	0
-0.428167	-0.897055	0.109389	0
-0.197504	-0.025232	-0.979977	0
0	0	0	1

MATRIX JOINT #5
0.808317	-0.264093	-0.526192	0
-0.291038	-0.956149	0.0328037	0
-0.511781	0.126626	-0.849733	0
0	0	0	1

MATRIX JOINT #6
0.808317	-0.264093	-0.526192	0
-0.564967	-0.599385	-0.567054	0
-0.165637	0.75564	-0.633697	0
0	0	0	1

MATRIX JOINT #7
0.815404	-0.256485	-0.518972	0
-0.564657	-0.549979	-0.615374	0
-0.12759	0.79482	-0.593281	0
0	0	0	1

MATRIX JOINT #8
0.296226	0.931692	-0.210237	0
0.884616	-0.35063	-0.307431	0
-0.360146	-0.0949105	-0.928055	0
0	0	0	1

MATRIX JOINT #9
-0.0231983	0.278528	-0.960148	0
0.801133	-0.569334	-0.184514	0
-0.598037	-0.773486	-0.20993	0
0	0	0	1

MATRIX JOINT #10
-0.0231983	0.278528	-0.960148	0
0.282276	-0.919503	-0.273558	0
-0.959053	-0.277373	-0.0572908	0
0	0	0	1

MATRIX JOINT #11
0.00362151	0.190252	-0.981728	0
0.309928	-0.933607	-0.179784	0
-0.950753	-0.303614	-0.0623457	0
0	0	0	1

MATRIX JOINT #12
0.892198	-0.406287	-0.197268	0
-0.398316	-0.91372	0.0803775	0
-0.212903	0.00686324	-0.977049	0
0	0	0	1

MATRIX JOINT #13
0.977732	-0.0684918	-0.198368	0
-0.0613432	-0.997234	0.0419682	0
-0.200694	-0.0288651	-0.979229	0
0	0	0	1

MATRIX JOINT #14
0.980531	0.033907	-0.193418	0
0.0230186	-0.998036	-0.0582671	0
