MATRIX JOINT #0
-0.69144	0.0316634	0.72174	0
0.0676385	0.997488	0.0210382	0
-0.719261	0.0633641	-0.691844	0
0	0	0	1

MATRIX JOINT #1
-0.67165	-0.0265421	0.740393	0
-0.00958459	0.999586	0.0271391	0
-0.740807	0.0111316	-0.671626	0
0	0	0	1

MATRIX JOINT #2
-0.673145	-0.062647	0.736852	0
-0.00956038	0.997059	0.0760359	0
-0.739448	0.0441387	-0.671765	0
0	0	0	1

MATRIX JOINT #3
-0.623851	-0.156928	0.765626	0
-0.482377	0.848088	-0.219223	0
-0.614916	-0.506083	-0.604779	0
0	0	0	1

MATRIX JOINT #4
0.283224	-0.884849	-0.3699	0
-0.595082	-0.464606	0.655758	0
-0.752104	0.0343945	-0.658146	0
0	0	0	1

MATRIX JOINT #5
0.806329	-0.420326	-0.416124	0
-0.288724	-0.893745	0.343305	0
-0.516209	-0.156672	-0.842011	0
0	0	0	1

MATRIX JOINT #6
0.806329	-0.420326	-0.416124	0
-0.582009	-0.438541	-0.684798	0
0.105351	0.79436	-0.598242	0
0	0	0	1

MATRIX JOINT #7
0.969299	-0.216431	-0.116688	0
-0.243902	-0.90644	-0.344787	0
-0.031148	0.362662	-0.9314	0
0	0	0	1

MATRIX JOINT #8
0.472667	0.744579	-0.471368	0
0.499521	-0.667035	-0.552759	0
-0.725992	0.0258126	-0.687219	0
0	0	0	1

MATRIX JOINT #9
0.103032	0.592269	-0.799125	0
-0.082881	-0.795495	-0.600265	0
-0.991219	0.128079	-0.0328739	0
0	0	0	1

MATRIX JOINT #10
0.103032	0.592269	-0.799125	0
-0.627985	-0.584306	-0.514024	0
-0.771375	0.5548	0.311734	0
0	0	0	1

MATRIX JOINT #11
0.0731659	0.563923	-0.82258	0
-0.646307	-0.601353	-0.469747	0
-0.759562	0.566008	0.320468	0
0	0	0	1

MATRIX JOINT #12
0.470252	-0.688627	-0.551956	0
-0.511397	-0.722341	0.465506	0
-0.719261	0.0633641	-0.691844	0
0	0	0	1

MATRIX JOINT #13
0.107674	-0.138081	-0.984551	0
-0.918581	-0.392618	-0.0453953	0
-0.380284	0.909277	-0.169114	0
0	0	0	1

MATRIX JOINT #14
0.674275	0.147416	-0.723617	0
0.156697	-0.986121	-0.0548819	0
-0.721664	-0.076383	-0.688016	0
0	0	0	1

MATRIX JOINT #15
0.455056	-0.433256	-0.777955	0
-0.51946	-0.838753	0.163264	0
-0.723247	0.329822	-0.606738	0
0	0	0	1

MATRIX JOINT #16
0.511398	0.722341	-0.465506	0
0.470251	-0.688628	-0.551956	0
-0.719261	0.0633641	-0.691844	0
0	0	0	1

MATRIX JOINT #17
0.753747	0.21073	-0.622462	0
-0.488737	-0.453451	-0.745331	0
-0.439319	0.866011	-0.238795	0
0	0	0	1

MATRIX JOINT #18
0.691077	0.155972	-0.705751	0
0.0672933	-0.986082	-0.152031	0
-0.719642	0.0575729	-0.691955	0
0	0	0	1

MATRIX JOINT #19
0.649332	0.129736	-0.749357	0
-0.655946	-0.403075	-0.638174	0
-0.384841	0.905925	-0.176629	0
0	0	0	1

MATRIX JOINT #0
-0.691793	0.018907	0.721848	0
0.0644835	0.997281	0.0356774	0
-0.719211	0.0712287	-0.691131	0
0	0	0	1

MATRIX JOINT #1
-0.671312	0.0219822	0.740849	0
0.0291531	0.99957	-0.00324221	0
-0.740602	0.0194215	-0.671664	0
0	0	0	1

MATRIX JOINT #2
-0.673207	-0.0413352	0.738298	0
0.00640908	0.998073	0.0617232	0
-0.739426	0.0462843	-0.671645	0
0	0	0	1

MATRIX JOINT #3
-0.616005	-0.152652	0.77281	0
-0.481611	0.849318	-0.216126	0
-0.623369	-0.505329	-0.596703	0
0	0	0	1

MATRIX JOINT #4
0.281117	-0.885273	-0.370493	0
-0.594551	-0.463706	0.656877	0
-0.753315	0.0356177	-0.656695	0
0	0	0	1

MATRIX JOINT #5
0.805834	-0.423861	-0.413489	0
-0.292767	-0.892168	0.343983	0
-0.514703	-0.156137	-0.843032	0
0	0	0	1

MATRIX JOINT #6
0.805834	-0.423861	-0.413489	0
-0.582415	-0.441305	-0.682673	0
0.106883	0.790943	-0.602482	0
0	0	0	1

MATRIX JOINT #7
0.982381	0.00942241	0.186649	0
0.0785333	-0.927082	-0.36654	0
0.169585	0.37474	-0.911488	0
0	0	0	1

MATRIX JOINT #8
0.473999	0.744252	-0.470547	0
0.500348	-0.667392	-0.551579	0
-0.724553	0.0260107	-0.688728	0
0	0	0	1

MATRIX JOINT #9
0.0990856	0.594261	-0.798146	0
-0.0806858	-0.794653	-0.601677	0
-0.991802	0.124017	-0.0307903	0
0	0	0	1

MATRIX JOINT #10
0.0990856	0.594261	-0.798146	0
-0.627336	-0.58531	-0.513674	0
-0.772419	0.551603	0.314805	0
0	0	0	1

MATRIX JOINT #11
0.0689915	0.565609	-0.821783	0
-0.6458	-0.602537	-0.468926	0
-0.760384	0.563059	0.3237	0
0	0	0	1

MATRIX JOINT #12
0.45405	-0.70475	-0.54513	0
-0.525904	-0.705871	0.474522	0
-0.719211	0.0712287	-0.691131	0
0	0	0	1

MATRIX JOINT #13
0.129122	-0.121491	-0.984158	0
-0.918328	-0.389133	-0.0724477	0
-0.374167	0.913135	-0.161814	0
0	0	0	1

MATRIX JOINT #14
0.675079	0.148565	-0.722632	0
0.156675	-0.986041	-0.0563542	0
-0.720917	-0.0751746	-0.688932	0
0	0	0	1

MATRIX JOINT #15
0.436815	-0.400081	-0.805685	0
-0.552218	-0.826288	0.110918	0
-0.710104	0.396463	-0.581867	0
0	0	0	1

MATRIX JOINT #16
0.525821	0.705999	-0.474423	0
0.454145	-0.704621	-0.545217	0
-0.719211	0.0712287	-0.691131	0
0	0	0	1

MATRIX JOINT #17
0.766604	0.227817	-0.600348	0
-0.466999	-0.443889	-0.764771	0
-0.440716	0.866638	-0.233897	0
0	0	0	1

MATRIX JOINT #18
0.689271	0.159797	-0.706661	0
0.0761817	-0.985952	-0.148646	0
-0.720487	0.0486229	-0.691762	0
0	0	0	1

MATRIX JOINT #19
0.647755	0.1338	-0.750008	0
-0.656255	-0.402041	-0.638508	0
-0.386966	0.905793	-0.172617	0
0	0	0	1

MATRIX JOINT #0
-0.687223	0.0195162	0.726184	0
0.0645321	0.997327	0.0342666	0
-0.723575	0.070411	-0.686645	0
0	0	0	1

MATRIX JOINT #1
-0.670568	0.0467527	0.740373	0
0.0330849	0.998904	-0.0331128	0
-0.74111	0.0022908	-0.67138	0
0	0	0	1

MATRIX JOINT #2
-0.672913	-0.0339776	0.738941	0
0.00863962	0.998515	0.0537809	0
-0.739671	0.0425741	-0.671621	0
0	0	0	1

MATRIX JOINT #3
-0.614221	-0.149531	0.774837	0
-0.478809	0.851109	-0.215306	0
-0.627275	-0.503244	-0.594366	0
0	0	0	1

MATRIX JOINT #4
0.283443	-0.88545	-0.368291	0
-0.594445	-0.463584	0.657058	0
-0.752526	0.0326899	-0.657751	0
0	0	0	1

MATRIX JOINT #5
0.805844	-0.42587	-0.411401	0
-0.294497	-0.891013	0.345497	0
-0.5137	-0.157261	-0.843434	0
0	0	0	1

MATRIX JOINT #6
0.805844	-0.42587	-0.411401	0
-0.581837	-0.440533	-0.683664	0
0.109916	0.790294	-0.602788	0
0	0	0	1

MATRIX JOINT #7
0.957787	0.0778639	0.276734	0
0.180684	-0.911774	-0.368811	0
0.223602	0.403244	-0.887354	0
0	0	0	1

MATRIX JOINT #8
0.471956	0.744251	-0.472598	0
0.500413	-0.667478	-0.551416	0
-0.72584	0.0237503	-0.687453	0
0	0	0	1

MATRIX JOINT #9
-0.830556	-0.280785	0.480974	0
-0.0798962	-0.794607	-0.601845	0
0.551174	-0.538294	0.637532	0
0	0	0	1

MATRIX JOINT #10
-0.830556	-0.280785	0.480974	0
0.54281	-0.601382	0.586258	0
0.124637	0.747997	0.651894	0
0	0	0	1

MATRIX JOINT #11
-0.83062	-0.280714	0.480905	0
0.543082	-0.599174	0.588262	0
0.123013	0.749793	0.650137	0
0	0	0	1

MATRIX JOINT #12
0.44824	-0.708555	-0.545005	0
-0.524901	-0.702134	0.481131	0
-0.723575	0.070411	-0.686645	0
0	0	0	1

MATRIX JOINT #13
0.146968	-0.117178	-0.982176	0
-0.912314	-0.399743	-0.0888232	0
-0.38221	0.909107	-0.165652	0
0	0	0	1

MATRIX JOINT #14
0.670391	0.149413	-0.726809	0
0.156618	-0.985942	-0.0582232	0
-0.725291	-0.0747991	-0.684367	0
0	0	0	1

MATRIX JOINT #15
0.41812	-0.360785	-0.833673	0
-0.581605	-0.811299	0.0594046	0
-0.697791	0.46003	-0.549055	0
0	0	0	1

MATRIX JOINT #16
0.5253	0.701501	-0.481618	0
0.447771	-0.709182	-0.544576	0
-0.723575	0.070411	-0.686645	0
0	0	0	1

MATRIX JOINT #17
0.766827	0.236895	-0.596537	0
-0.457485	-0.450166	-0.766849	0
-0.450203	0.860948	-0.236823	0
0	0	0	1

MATRIX JOINT #18
0.683767	0.161831	-0.711529	0
0.0815421	-0.985936	-0.145881	0
-0.72513	0.0417292	-0.687346	0
0	0	0	1

MATRIX JOINT #19
0.645808	0.137996	-0.750925	0
-0.655664	-0.4037	-0.638069	0
-0.3912	0.904424	-0.170234	0
0	0	0	1

MATRIX JOINT #0
-0.686343	0.012802	0.727165	0
0.0617738	0.997258	0.0407487	0
-0.72465	0.0728873	-0.685252	0
0	0	0	1

MATRIX JOINT #1
-0.669277	0.0638992	0.74026	0
0.0462637	0.997946	-0.0443151	0
-0.741571	0.00458809	-0.670858	0
0	0	0	1

MATRIX JOINT #2
-0.672192	-0.0269539	0.739887	0
0.0124267	0.998786	0.0476753	0
-0.740273	0.0412412	-0.67104	0
0	0	0	1

MATRIX JOINT #3
-0.611499	-0.148059	0.777269	0
-0.476037	0.853507	-0.21193	0
-0.632027	-0.499604	-0.592401	0
0	0	0	1

MATRIX JOINT #4
0.2837	-0.885736	-0.367406	0
-0.593801	-0.46312	0.657967	0
-0.752937	0.0315012	-0.657338	0
0	0	0	1

MATRIX JOINT #5
0.805349	-0.427713	-0.410456	0
-0.297139	-0.890397	0.34482	0
-0.512953	-0.155738	-0.844171	0
0	0	0	1

MATRIX JOINT #6
0.805349	-0.427713	-0.410456	0
-0.582171	-0.440117	-0.683648	0
0.111756	0.789531	-0.60345	0
0	0	0	1

MATRIX JOINT #7
0.934299	0.123382	0.334457	0
0.250953	-0.893982	-0.37124	0
0.253194	0.430782	-0.86621	0
0	0	0	1

MATRIX JOINT #8
0.470879	0.744218	-0.473722	0
0.500361	-0.667554	-0.551372	0
-0.726576	0.0225976	-0.686715	0
0	0	0	1

MATRIX JOINT #9
-0.817233	-0.297152	0.493791	0
-0.0734919	-0.79609	-0.600699	0
0.571602	-0.527201	0.628753	0
0	0	0	1

MATRIX JOINT #10
-0.817233	-0.297152	0.493791	0
0.572644	-0.515142	0.637736	0
0.0648677	0.803946	0.591154	0
0	0	0	1

MATRIX JOINT #11
-0.635068	-0.423691	0.64589	0
0.656451	-0.736732	0.16217	0
0.407138	0.526984	0.746007	0
0	0	0	1

MATRIX JOINT #12
0.444979	-0.709796	-0.546061	0
-0.526189	-0.700626	0.481921	0
-0.72465	0.0728873	-0.685252	0
0	0	0	1

MATRIX JOINT #13
0.155584	-0.106942	-0.982017	0
-0.910112	-0.402011	-0.100413	0
-0.384043	0.909368	-0.159876	0
0	0	0	1

MATRIX JOINT #14
0.669087	0.154773	-0.726889	0
0.159356	-0.985203	-0.0630914	0
-0.725898	-0.0736203	-0.683851	0
0	0	0	1

MATRIX JOINT #15
0.362628	-0.146893	-0.920284	0
-0.756775	-0.622711	-0.198804	0
-0.543868	0.76854	-0.336978	0
0	0	0	1

MATRIX JOINT #16
0.526314	0.700428	-0.482073	0
0.444833	-0.709991	-0.545926	0
-0.72465	0.0728873	-0.685252	0
0	0	0	1

MATRIX JOINT #17
0.766918	0.250191	-0.590967	0
-0.445226	-0.455776	-0.770741	0
-0.462181	0.854209	-0.238151	0
0	0	0	1

MATRIX JOINT #18
0.678827	0.167998	-0.714822	0
0.103426	-0.985647	-0.133429	0
-0.726978	0.0166438	-0.686459	0
0	0	0	1

MATRIX JOINT #19
0.642014	0.14494	-0.752868	0
-0.656329	-0.403671	-0.637403	0
-0.396296	0.903351	-0.164034	0
0	0	0	1

MATRIX JOINT #0
-0.682091	0.00756858	0.731228	0
0.044461	0.998526	0.0311381	0
-0.729914	0.0537502	-0.681422	0
0	0	0	1

MATRIX JOINT #1
-0.667695	0.0715555	0.740988	0
0.0448999	0.997428	-0.0558607	0
-0.743079	-0.00402765	-0.669191	0
0	0	0	1

MATRIX JOINT #2
-0.670344	-0.0197969	0.741787	0
0.0132645	0.999165	0.0386528	0
-0.741932	0.0357501	-0.669521	0
0	0	0	1

MATRIX JOINT #3
-0.607828	-0.146377	0.780461	0
-0.472841	0.856332	-0.207645	0
-0.63794	-0.495246	-0.589716	0
0	0	0	1

MATRIX JOINT #4
0.285697	-0.886527	-0.363933	0
-0.592168	-0.461896	0.660295	0
-0.753469	0.0268653	-0.656935	0
0	0	0	1

MATRIX JOINT #5
0.797069	-0.433204	-0.420732	0
-0.303018	-0.889556	0.341864	0
-0.522361	-0.145	-0.840306	0
0	0	0	1

MATRIX JOINT #6
0.797069	-0.433204	-0.420732	0
-0.592866	-0.428842	-0.681619	0
0.114853	0.792735	-0.598649	0
0	0	0	1

MATRIX JOINT #7
0.966319	-0.228868	-0.117677	0
-0.251053	-0.737825	-0.626568	0
0.0565761	0.635007	-0.770432	0
0	0	0	1

MATRIX JOINT #8
0.466855	0.744271	-0.477606	0
0.500189	-0.66762	-0.551447	0
-0.729285	0.018553	-0.683958	0
0	0	0	1

MATRIX JOINT #9
-0.793355	-0.322248	0.516473	0
-0.0659988	-0.797871	-0.599204	0
0.605171	-0.509468	0.611727	0
0	0	0	1

MATRIX JOINT #10
-0.793355	-0.322248	0.516473	0
0.608012	-0.377422	0.69848	0
-0.0301551	0.868164	0.49536	0
0	0	0	1

MATRIX JOINT #11
-0.830565	-0.297486	0.470811	0
0.454906	-0.85008	0.265376	0
0.321282	0.434587	0.841375	0
0	0	0	1

MATRIX JOINT #12
0.45238	-0.709355	-0.540526	0
-0.512423	-0.702799	0.493453	0
-0.729914	0.0537502	-0.681422	0
0	0	0	1

MATRIX JOINT #13
0.165259	-0.0869035	-0.982414	0
-0.908673	-0.40066	-0.117413	0
-0.38341	0.912096	-0.14518	0
0	0	0	1

MATRIX JOINT #14
0.664303	0.163141	-0.729443	0
0.161241	-0.984191	-0.0732737	0
-0.729865	-0.0689402	-0.680106	0
0	0	0	1

MATRIX JOINT #15
0.362661	-0.0512107	-0.930513	0
-0.810787	-0.509615	-0.287952	0
-0.459457	0.858877	-0.226338	0
0	0	0	1

MATRIX JOINT #16
0.51386	0.700539	-0.49517	0
0.450748	-0.711587	-0.538953	0
-0.729914	0.0537502	-0.681422	0
0	0	0	1

MATRIX JOINT #17
0.767923	0.261491	-0.584737	0
-0.432023	-0.462545	-0.774215	0
-0.472917	0.847157	-0.242229	0
0	0	0	1

MATRIX JOINT #18
0.672589	0.169498	-0.720344	0
0.113683	-0.985527	-0.125749	0
-0.731232	0.0026861	-0.682123	0
0	0	0	1

MATRIX JOINT #19
0.639011	0.14829	-0.754768	0
-0.655896	-0.407553	-0.635375	0
-0.401827	0.901061	-0.163168	0
0	0	0	1

MATRIX JOINT #0
-0.682374	0.0059304	0.730979	0
0.0432066	0.998546	0.0322325	0
-0.729725	0.0535777	-0.681638	0
0	0	0	1

MATRIX JOINT #1
-0.666232	0.075552	0.741907	0
0.0482253	0.997137	-0.0582371	0
-0.744183	-0.00302075	-0.667969	0
0	0	0	1

MATRIX JOINT #2
-0.668869	-0.0124172	0.743277	0
0.0165765	0.999363	0.0316124	0
-0.743195	0.0334655	-0.668237	0
0	0	0	1

MATRIX JOINT #3
-0.604407	-0.144976	0.783373	0
-0.469523	0.859208	-0.203248	0
-0.643615	-0.490657	-0.587381	0
0	0	0	1

MATRIX JOINT #4
0.285662	-0.887272	-0.36214	0
-0.59058	-0.460591	0.662624	0
-0.754727	0.0245865	-0.655579	0
0	0	0	1

MATRIX JOINT #5
0.792368	-0.439564	-0.423008	0
-0.310887	-0.887568	0.33996	0
-0.524883	-0.137866	-0.839935	0
0	0	0	1

MATRIX JOINT #6
0.792368	-0.439564	-0.423008	0
-0.597206	-0.417422	-0.684912	0
0.12449	0.795326	-0.593262	0
0	0	0	1

MATRIX JOINT #7
0.846788	-0.3968	-0.354259	0
-0.522717	-0.497313	-0.692421	0
0.0985748	0.771512	-0.628532	0
0	0	0	1

MATRIX JOINT #8
0.464726	0.744334	-0.47958	0
0.500531	-0.667614	-0.551144	0
-0.73041	0.0160867	-0.68282	0
0	0	0	1

MATRIX JOINT #9
-0.794783	-0.325123	0.512461	0
-0.0585138	-0.799413	-0.597925	0
0.604067	-0.505207	0.616336	0
0	0	0	1

MATRIX JOINT #10
-0.794783	-0.325123	0.512461	0
0.605208	-0.361687	0.709159	0
-0.0452132	0.873772	0.484229	0
0	0	0	1

MATRIX JOINT #11
-0.861904	-0.279182	0.423295	0
0.412175	-0.871971	0.264158	0
0.295353	0.40215	0.866627	0
0	0	0	1

MATRIX JOINT #12
0.453547	-0.708094	-0.5412	0
-0.51166	-0.704083	0.492414	0
-0.729725	0.0535777	-0.681638	0
0	0	0	1

MATRIX JOINT #13
0.173272	-0.074774	-0.982031	0
-0.905576	-0.404089	-0.129014	0
-0.387181	0.911658	-0.137731	0
0	0	0	1

MATRIX JOINT #14
0.665223	0.172781	-0.726378	0
0.155863	-0.983558	-0.0912149	0
-0.730195	-0.0525371	-0.681216	0
0	0	0	1

MATRIX JOINT #15
0.340703	-0.0124159	-0.940089	0
-0.847095	-0.437833	-0.301218	0
-0.407862	0.898971	-0.159689	0
0	0	0	1

MATRIX JOINT #16
0.514483	0.699645	-0.495785	0
0.450343	-0.712479	-0.538113	0
-0.729725	0.0535777	-0.681638	0
0	0	0	1

MATRIX JOINT #17
0.773137	0.268463	-0.574619	0
-0.414094	-0.472578	-0.777944	0
-0.480401	0.839403	-0.254198	0
0	0	0	1

MATRIX JOINT #18
0.67305	0.167006	-0.720495	0
0.112554	-0.985954	-0.123396	0
-0.730983	0.00195713	-0.682393	0
0	0	0	1

MATRIX JOINT #19
0.639499	0.145831	-0.754834	0
-0.656414	-0.407535	-0.634851	0
-0.400202	0.90147	-0.164893	0
0	0	0	1

MATRIX JOINT #0
-0.68294	0.0070016	0.730441	0
0.0451243	0.998449	0.0326192	0
-0.72908	0.0552376	-0.682196	0
0	0	0	1

MATRIX JOINT #1
-0.665173	0.0759278	0.742819	0
0.0513601	0.997113	-0.0559292	0
-0.744921	0.000948705	-0.667152	0
0	0	0	1

MATRIX JOINT #2
-0.667803	-0.00543154	0.744319	0
0.0209556	0.99944	0.0260946	0
-0.744044	0.0330236	-0.667315	0
0	0	0	1

MATRIX JOINT #3
-0.60083	-0.145014	0.786114	0
-0.467318	0.861577	-0.198239	0
-0.64855	-0.486473	-0.585429	0
0	0	0	1

MATRIX JOINT #4
0.284674	-0.887913	-0.361347	0
-0.589492	-0.459392	0.664423	0
-0.755949	0.0238674	-0.654195	0
0	0	0	1

MATRIX JOINT #5
0.790239	-0.443887	-0.422476	0
-0.317558	-0.886263	0.337188	0
-0.524098	-0.132299	-0.841319	0
0	0	0	1

MATRIX JOINT #6
0.790239	-0.443887	-0.422476	0
-0.598306	-0.409833	-0.688525	0
0.132483	0.79687	-0.589446	0
0	0	0	1

MATRIX JOINT #7
0.763942	-0.461	-0.451522	0
-0.6257	-0.358118	-0.693002	0
0.157776	0.81193	-0.562029	0
0	0	0	1

MATRIX JOINT #8
0.463736	0.744544	-0.480212	0
0.500978	-0.667406	-0.55099	0
-0.730733	0.0149387	-0.6825	0
0	0	0	1

MATRIX JOINT #9
-0.795877	-0.327666	0.509132	0
-0.0525357	-0.800358	-0.597216	0
0.603175	-0.502058	0.619772	0
0	0	0	1

MATRIX JOINT #10
-0.795877	-0.327666	0.509132	0
0.603127	-0.355325	0.71413	0
-0.0530885	0.875431	0.480419	0
0	0	0	1

MATRIX JOINT #11
-0.853943	-0.289192	0.432608	0
0.436819	-0.850174	0.293928	0
0.28279	0.439969	0.852325	0
0	0	0	1

MATRIX JOINT #12
0.453466	-0.707592	-0.541924	0
-0.512651	-0.704459	0.490842	0
-0.72908	0.0552376	-0.682196	0
0	0	0	1

MATRIX JOINT #13
0.181912	-0.0695238	-0.980854	0
-0.90187	-0.409287	-0.138253	0
-0.391839	0.909753	-0.137156	0
0	0	0	1

MATRIX JOINT #14
0.667324	0.17841	-0.723082	0
0.146627	-0.983354	-0.107308	0
-0.730191	-0.0344138	-0.682376	0
0	0	0	1

MATRIX JOINT #15
0.323664	0.0134422	-0.946077	0
-0.871126	-0.386035	-0.303508	0
-0.369298	0.922386	-0.113236	0
0	0	0	1

MATRIX JOINT #16
0.515871	0.699396	-0.494694	0
0.4498	-0.712597	-0.538411	0
-0.72908	0.0552376	-0.682196	0
0	0	0	1

MATRIX JOINT #17
0.778126	0.273927	-0.565229	0
-0.399108	-0.479243	-0.78169	0
-0.485008	0.833841	-0.263585	0
0	0	0	1

MATRIX JOINT #18
0.674176	0.164535	-0.720011	0
0.109341	-0.986362	-0.12302	0
-0.730433	0.00421034	-0.682972	0
0	0	0	1

MATRIX JOINT #19
0.640402	0.14328	-0.754557	0
-0.657003	-0.406632	-0.634821	0
-0.397784	0.902287	-0.166273	0
0	0	0	1

MATRIX JOINT #0
-0.682238	0.00812467	0.731085	0
0.0485007	0.998239	0.0341665	0
-0.72952	0.0587679	-0.68143	0
0	0	0	1

MATRIX JOINT #1
-0.665019	0.0693052	0.743604	0
0.0514283	0.997571	-0.0469822	0
-0.745054	0.00699821	-0.666968	0
0	0	0	1

MATRIX JOINT #2
-0.667409	-0.000477446	0.744691	0
0.0248674	0.999428	0.0229275	0
-0.744276	0.0338205	-0.667015	0
0	0	0	1

MATRIX JOINT #3
-0.597765	-0.146799	0.788117	0
-0.466912	0.862893	-0.193413	0
-0.651668	-0.483596	-0.584349	0
0	0	0	1

MATRIX JOINT #4
0.283688	-0.888133	-0.36158	0
-0.589041	-0.458944	0.665133	0
-0.756672	0.0242952	-0.653344	0
0	0	0	1

MATRIX JOINT #5
0.791073	-0.447605	-0.416957	0
-0.323927	-0.884719	0.335177	0
-0.518916	-0.130086	-0.844869	0
0	0	0	1

MATRIX JOINT #6
0.791073	-0.447605	-0.416957	0
-0.595284	-0.406338	-0.6932	0
0.140855	0.79658	-0.587895	0
0	0	0	1

MATRIX JOINT #7
0.715062	-0.492549	-0.496067	0
-0.670444	-0.282238	-0.686183	0
0.19797	0.823248	-0.532044	0
0	0	0	1

MATRIX JOINT #8
0.463587	0.745091	-0.479506	0
0.501671	-0.666795	-0.551099	0
-0.730351	0.0149283	-0.682909	0
0	0	0	1

MATRIX JOINT #9
-0.816939	-0.312743	0.484564	0
-0.0476583	-0.800719	-0.597141	0
0.574751	-0.510921	0.639234	0
0	0	0	1

MATRIX JOINT #10
-0.816939	-0.312743	0.484564	0
0.576697	-0.451062	0.681149	0
0.00554384	0.835904	0.548848	0
0	0	0	1

MATRIX JOINT #11
-0.854987	-0.28069	0.436131	0
0.50517	-0.641149	0.577694	0
0.117472	0.714242	0.68997	0
0	0	0	1

MATRIX JOINT #12
0.453101	-0.704795	-0.545861	0
-0.512347	-0.706973	0.487534	0
-0.72952	0.0587679	-0.68143	0
0	0	0	1

MATRIX JOINT #13
0.192198	-0.0701723	-0.978844	0
-0.898002	-0.414855	-0.146584	0
-0.395793	0.907177	-0.142749	0
0	0	0	1

MATRIX JOINT #14
0.669613	0.17871	-0.720889	0
0.130681	-0.983826	-0.122507	0
-0.731123	-0.0121736	-0.682137	0
0	0	0	1

MATRIX JOINT #15
0.304612	0.0275022	-0.95208	0
-0.890737	-0.345799	-0.294974	0
-0.337341	0.937905	-0.0808371	0
0	0	0	1

MATRIX JOINT #16
0.516507	0.700438	-0.492551	0
0.448353	-0.711289	-0.541338	0
-0.72952	0.0587679	-0.68143	0
0	0	0	1

MATRIX JOINT #17
0.782337	0.278088	-0.55733	0
-0.38916	-0.480406	-0.78598	0
-0.486316	0.831791	-0.267618	0
0	0	0	1

MATRIX JOINT #18
0.67428	0.16245	-0.720386	0
0.104577	-0.986678	-0.124617	0
-0.731034	0.0086911	-0.682286	0
0	0	0	1

MATRIX JOINT #19
0.641166	0.14168	-0.754211	0
-0.657402	-0.405609	-0.635062	0
-0.39589	0.902999	-0.166922	0
0	0	0	1

MATRIX JOINT #0
-0.682494	0.00796751	0.730848	0
0.0507095	0.998047	0.036474	0
-0.72913	0.0619542	-0.681565	0
0	0	0	1

MATRIX JOINT #1
-0.665567	0.0626377	0.743705	0
0.0506451	0.997966	-0.0387285	0
-0.744618	0.0118886	-0.667385	0
0	0	0	1

MATRIX JOINT #2
-0.667701	0.00247208	0.744426	0
0.0280351	0.999369	0.021827	0
-0.743902	0.035444	-0.667348	0
0	0	0	1

MATRIX JOINT #3
-0.594509	-0.151434	0.7897	0
-0.469315	0.862817	-0.187859	0
-0.652918	-0.482302	-0.584023	0
0	0	0	1

MATRIX JOINT #4
0.282739	-0.888126	-0.362342	0
-0.588995	-0.458902	0.665202	0
-0.757062	0.0253396	-0.652851	0
0	0	0	1

MATRIX JOINT #5
0.792117	-0.450146	-0.412214	0
-0.329475	-0.883847	0.332054	0
-0.513807	-0.127212	-0.848422	0
0	0	0	1

MATRIX JOINT #6
0.792117	-0.450146	-0.412214	0
-0.592514	-0.404935	-0.696387	0
0.146556	0.795862	-0.587474	0
0	0	0	1

MATRIX JOINT #7
0.684813	-0.510189	-0.520325	0
-0.694314	-0.240007	-0.678472	0
0.221268	0.825896	-0.518591	0
0	0	0	1

MATRIX JOINT #8
0.464204	0.745774	-0.477845	0
0.502982	-0.666022	-0.550839	0
-0.729057	0.0153542	-0.684281	0
0	0	0	1

MATRIX JOINT #9
-0.824752	-0.308825	0.473721	0
-0.043637	-0.800457	-0.5978	0
0.563809	-0.513708	0.646702	0
0	0	0	1

MATRIX JOINT #10
-0.824752	-0.308825	0.473721	0
0.565237	-0.475498	0.674099	0
0.0170749	0.823729	0.566727	0
0	0	0	1

MATRIX JOINT #11
-0.854904	0.305965	-0.418958	0
-0.308116	-0.949163	-0.064448	0
-0.417378	0.0739907	0.905716	0
0	0	0	1

MATRIX JOINT #12
0.453238	-0.702479	-0.548724	0
-0.512782	-0.709002	0.484118	0
-0.72913	0.0619542	-0.681565	0
0	0	0	1

MATRIX JOINT #13
0.204983	-0.0767475	-0.975752	0
-0.892008	-0.42499	-0.153963	0
-0.402869	0.901939	-0.155575	0
0	0	0	1

MATRIX JOINT #14
0.672539	0.17643	-0.718724	0
0.116525	-0.984298	-0.132585	0
-0.730831	0.00541881	-0.682537	0
0	0	0	1

MATRIX JOINT #15
0.294421	0.0357347	-0.955008	0
-0.902567	-0.318091	-0.290156	0
-0.314148	0.947386	-0.0613997	0
0	0	0	1

MATRIX JOINT #16
0.5172	0.702082	-0.489475	0
0.448189	-0.709396	-0.543952	0
-0.72913	0.0619542	-0.681565	0
0	0	0	1

MATRIX JOINT #17
0.785735	0.280874	-0.551117	0
-0.38073	-0.482594	-0.788763	0
-0.487509	0.829586	-0.272254	0
0	0	0	1

MATRIX JOINT #18
0.675236	0.160541	-0.719919	0
0.100366	-0.986946	-0.125951	0
-0.730742	0.0127911	-0.682534	0
0	0	0	1

MATRIX JOINT #19
0.642401	0.140014	-0.75347	0
-0.657526	-0.404346	-0.635738	0
-0.393675	0.903825	-0.167689	0
0	0	0	1

MATRIX JOINT #0
-0.68591	-0.00233873	0.727682	0
0.0457008	0.997882	0.0462845	0
-0.72625	0.0650027	-0.684351	0
0	0	0	1

MATRIX JOINT #1
-0.666824	0.058339	0.742929	0
0.0502961	0.998181	-0.033239	0
-0.743516	0.0152018	-0.668545	0
0	0	0	1

MATRIX JOINT #2
-0.66871	0.00530921	0.743504	0
0.0313827	0.999285	0.02109	0
-0.742861	0.0374362	-0.668399	0
0	0	0	1

MATRIX JOINT #3
-0.591491	-0.156372	0.791003	0
-0.473438	0.861453	-0.183725	0
-0.652683	-0.483162	-0.583575	0
0	0	0	1

MATRIX JOINT #4
0.282361	-0.887756	-0.363539	0
-0.589817	-0.459525	0.664043	0
-0.756564	0.0269217	-0.653366	0
0	0	0	1

MATRIX JOINT #5
0.795217	-0.447921	-0.408651	0
-0.332185	-0.885682	0.324375	0
-0.50723	-0.122201	-0.853103	0
0	0	0	1

MATRIX JOINT #6
0.795217	-0.447921	-0.408651	0
-0.588293	-0.406851	-0.698845	0
0.146767	0.79614	-0.587044	0
0	0	0	1

MATRIX JOINT #7
0.983767	-0.179433	0.00260842	0
-0.136379	-0.757007	-0.639016	0
0.116635	0.628287	-0.769189	0
0	0	0	1

MATRIX JOINT #8
0.465522	0.746402	-0.475577	0
0.50439	-0.665294	-0.550431	0
-0.727242	0.0163615	-0.686186	0
0	0	0	1

MATRIX JOINT #9
-0.830269	-0.306674	0.465408	0
-0.0402712	-0.799827	-0.598878	0
0.555906	-0.515972	0.651721	0
0	0	0	1

MATRIX JOINT #10
-0.830269	-0.306674	0.465408	0
0.557288	-0.470486	0.684159	0
0.00915384	0.827402	0.561536	0
0	0	0	1

MATRIX JOINT #11
-0.990508	-0.0695198	0.118582	0
0.108174	-0.926502	0.360405	0
0.0848108	0.369811	0.925228	0
0	0	0	1

MATRIX JOINT #12
0.456884	-0.698187	-0.551173	0
-0.513632	-0.712958	0.47736	0
-0.72625	0.0650027	-0.684351	0
0	0	0	1

MATRIX JOINT #13
0.219007	-0.0861344	-0.971914	0
-0.885757	-0.435327	-0.161012	0
-0.409231	0.896143	-0.171634	0
0	0	0	1

MATRIX JOINT #14
0.678038	0.172801	-0.714426	0
0.104406	-0.984759	-0.1391	0
-0.727574	0.0197246	-0.685745	0
0	0	0	1

MATRIX JOINT #15
0.293789	0.0383222	-0.955102	0
-0.907709	-0.301983	-0.291327	0
-0.299589	0.952543	-0.0539337	0
0	0	0	1

MATRIX JOINT #16
0.51861	0.705263	-0.483372	0
0.451227	-0.70596	-0.545907	0
-0.72625	0.0650027	-0.684351	0
0	0	0	1

MATRIX JOINT #17
0.789654	0.281815	-0.545002	0
-0.372318	-0.485936	-0.790725	0
-0.487674	0.827313	-0.278796	0
0	0	0	1

MATRIX JOINT #18
0.679041	0.158741	-0.716732	0
0.0973545	-0.98719	-0.126407	0
-0.727616	0.0160585	-0.685796	0
0	0	0	1

MATRIX JOINT #19
0.644791	0.13737	-0.751914	0
-0.657099	-0.402906	-0.637093	0
-0.390468	0.904874	-0.169524	0
0	0	0	1

MATRIX JOINT #0
-0.689414	-0.0140401	0.724232	0
0.0389787	0.997645	0.0564453	0
-0.723318	0.0671437	-0.687243	0
0	0	0	1

MATRIX JOINT #1
-0.670034	0.0544662	0.74033	0
0.0492285	0.998369	-0.0288961	0
-0.740697	0.017084	-0.671622	0
0	0	0	1

MATRIX JOINT #2
-0.671621	0.00652929	0.740866	0
0.0331149	0.999226	0.0212136	0
-0.740155	0.0387812	-0.671317	0
0	0	0	1

MATRIX JOINT #3
-0.588415	-0.165019	0.791541	0
-0.482157	0.857465	-0.179663	0
-0.649071	-0.487363	-0.58411	0
0	0	0	1

MATRIX JOINT #4
0.285628	-0.885664	-0.366081	0
-0.592078	-0.463454	0.659283	0
-0.753565	0.0284384	-0.656758	0
0	0	0	1

MATRIX JOINT #5
0.800331	-0.442933	-0.40408	0
-0.332499	-0.888723	0.31562	0
-0.498914	-0.118244	-0.858547	0
0	0	0	1

MATRIX JOINT #6
0.800331	-0.442933	-0.40408	0
-0.58178	-0.410816	-0.70197	0
0.144923	0.796894	-0.586479	0
0	0	0	1

MATRIX JOINT #7
0.920029	0.109565	0.37622	0
0.278125	-0.858921	-0.430002	0
0.27603	0.50025	-0.820705	0
0	0	0	1

MATRIX JOINT #8
0.467576	0.747161	-0.472359	0
0.506269	-0.664401	-0.549785	0
-0.724614	0.0179258	-0.688922	0
0	0	0	1

MATRIX JOINT #9
-0.833166	-0.306795	0.460121	0
-0.0372145	-0.799021	-0.60015	0
0.551769	-0.517148	0.6543	0
0	0	0	1

MATRIX JOINT #10
-0.833166	-0.306795	0.460121	0
0.553021	-0.464274	0.691821	0
0.00137475	0.830859	0.556482	0
0	0	0	1

MATRIX JOINT #11
-0.951625	-0.169897	0.256016	0
0.263834	-0.87888	0.397443	0
0.157483	0.445763	0.881189	0
0	0	0	1

MATRIX JOINT #12
0.461669	-0.693087	-0.553618	0
-0.513491	-0.717721	0.470323	0
-0.723318	0.0671437	-0.687243	0
0	0	0	1

MATRIX JOINT #13
0.230435	-0.0962863	-0.968312	0
-0.881207	-0.442746	-0.16568	0
-0.412763	0.891462	-0.186872	0
0	0	0	1

MATRIX JOINT #14
0.683464	0.167517	-0.710504	0
0.0915565	-0.985299	-0.144234	0
-0.72422	0.0335276	-0.688753	0
0	0	0	1

MATRIX JOINT #15
0.294647	0.0399841	-0.954769	0
-0.912371	-0.285359	-0.293513	0
-0.284188	0.957586	-0.0475997	0
0	0	0	1

MATRIX JOINT #16
0.519891	0.707966	-0.478014	0
0.454448	-0.703048	-0.546993	0
-0.723318	0.0671437	-0.687243	0
0	0	0	1

MATRIX JOINT #17
0.792895	0.2821	-0.540128	0
-0.364899	-0.490081	-0.791624	0
-0.488023	0.824767	-0.285645	0
0	0	0	1

MATRIX JOINT #18
0.683113	0.157202	-0.713193	0
0.0931737	-0.987338	-0.128385	0
-0.724345	0.0212506	-0.68911	0
0	0	0	1

MATRIX JOINT #19
0.647495	0.134974	-0.750021	0
-0.656095	-0.401932	-0.638741	0
-0.387671	0.905667	-0.171693	0
0	0	0	1

MATRIX JOINT #0
-0.693639	-0.027253	0.719807	0
0.0297382	0.997349	0.0664183	0
-0.719708	0.0674761	-0.69099	0
0	0	0	1

MATRIX JOINT #1
-0.674148	0.0487034	0.736989	0
0.0448893	0.998681	-0.0249354	0
-0.737231	0.0162728	-0.675445	0
0	0	0	1

MATRIX JOINT #2
-0.675317	0.00664377	0.737498	0
0.0329994	0.99923	0.0212155	0
-0.736789	0.0386641	-0.675016	0
0	0	0	1

MATRIX JOINT #3
-0.58661	-0.172249	0.79134	0
-0.492224	0.851765	-0.179478	0
-0.64312	-0.4948	-0.584439	0
0	0	0	1

MATRIX JOINT #4
0.290799	-0.883184	-0.367998	0
-0.593082	-0.468204	0.655011	0
-0.750793	0.0277768	-0.659953	0
0	0	0	1

MATRIX JOINT #5
0.822282	-0.446409	-0.352947	0
-0.405358	-0.894762	0.187312	0
-0.399421	-0.0109537	-0.916702	0
0	0	0	1

MATRIX JOINT #6
0.822282	-0.446409	-0.352947	0
-0.560946	-0.531319	-0.634855	0
0.0958778	0.720013	-0.687305	0
0	0	0	1

MATRIX JOINT #7
0.995393	-0.06858	0.0670118	0
-0.0288721	-0.880821	-0.472568	0
0.0914341	0.468456	-0.878743	0
0	0	0	1

MATRIX JOINT #8
0.467691	0.750124	-0.467525	0
0.512267	-0.661081	-0.548228	0
-0.720311	0.0169041	-0.693446	0
0	0	0	1

MATRIX JOINT #9
-0.834409	-0.308423	0.456768	0
-0.0341403	-0.798245	-0.601364	0
0.550087	-0.517378	0.655533	0
0	0	0	1

MATRIX JOINT #10
-0.834409	-0.308423	0.456768	0
0.551105	-0.456765	0.698319	0
-0.00674197	0.834411	0.551102	0
0	0	0	1

MATRIX JOINT #11
-0.924903	-0.214711	0.313774	0
0.336906	-0.845318	0.414647	0
0.17621	0.489221	0.854174	0
0	0	0	1

MATRIX JOINT #12
0.467541	-0.688655	-0.55422	0
-0.51325	-0.721943	0.464083	0
-0.719708	0.0674761	-0.69099	0
0	0	0	1

MATRIX JOINT #13
0.242901	-0.107631	-0.964061	0
-0.875305	-0.452706	-0.169997	0
-0.418139	0.88514	-0.204173	0
0	0	0	1

MATRIX JOINT #14
0.688906	0.162495	-0.706402	0
0.0818367	-0.985753	-0.146945	0
-0.720216	0.0434217	-0.69239	0
0	0	0	1

MATRIX JOINT #15
0.299644	0.039423	-0.953236	0
-0.913792	-0.275324	-0.298631	0
-0.274222	0.960543	-0.0464748	0
0	0	0	1

MATRIX JOINT #16
0.520178	0.711573	-0.472312	0
0.459821	-0.699365	-0.547224	0
-0.719708	0.0674761	-0.69099	0
0	0	0	1

MATRIX JOINT #17
0.796613	0.282602	-0.534363	0
-0.3564	-0.494427	-0.792793	0
-0.488248	0.821997	-0.293147	0
0	0	0	1

MATRIX JOINT #18
0.688039	0.15593	-0.708723	0
0.0879779	-0.987361	-0.131824	0
-0.720321	0.0283483	-0.693062	0
0	0	0	1

MATRIX JOINT #19
0.650175	0.132231	-0.74819	0
-0.654903	-0.401707	-0.640104	0
-0.385195	0.906171	-0.174581	0
0	0	0	1

MATRIX JOINT #0
-0.697481	-0.0396334	0.715506	0
0.0194138	0.997058	0.0741538	0
-0.71634	0.0656115	-0.69466	0
0	0	0	1

MATRIX JOINT #1
-0.679071	0.0439053	0.732758	0
0.0408021	0.998924	-0.0220408	0
-0.732938	0.0149308	-0.680132	0
0	0	0	1

MATRIX JOINT #2
-0.68013	-7.42283e-05	0.733092	0
0.0236534	0.999477	0.0220458	0
-0.73271	0.0323341	-0.679772	0
0	0	0	1

MATRIX JOINT #3
-0.58905	-0.177619	0.788334	0
-0.50358	0.843645	-0.186198	0
-0.632002	-0.506669	-0.586395	0
0	0	0	1

MATRIX JOINT #4
0.300507	-0.880841	-0.365807	0
-0.591728	-0.472978	0.652802	0
-0.748033	0.020287	-0.663351	0
0	0	0	1

MATRIX JOINT #5
0.835315	-0.443294	-0.325177	0
-0.433468	-0.894863	0.10642	0
-0.338164	0.0520598	-0.939646	0
0	0	0	1

MATRIX JOINT #6
0.835315	-0.443294	-0.325177	0
-0.54568	-0.596488	-0.588588	0
0.0669533	0.669098	-0.740152	0
0	0	0	1

MATRIX JOINT #7
0.975637	-0.199237	-0.0918558	0
-0.218603	-0.847338	-0.483973	0
0.0185927	0.492262	-0.870248	0
0	0	0	1

MATRIX JOINT #8
0.462805	0.756008	-0.462886	0
0.524955	-0.654503	-0.544102	0
-0.714306	0.00881891	-0.699778	0
0	0	0	1

MATRIX JOINT #9
-0.834369	-0.31308	0.453663	0
-0.0282535	-0.797662	-0.602442	0
0.550482	-0.515477	0.656699	0
0	0	0	1

MATRIX JOINT #10
-0.834369	-0.31308	0.453663	0
0.550938	-0.448002	0.704104	0
-0.0171989	0.837422	0.546286	0
0	0	0	1

MATRIX JOINT #11
-0.909386	-0.240203	0.339586	0
0.377203	-0.82032	0.429875	0
0.175312	0.519016	0.836593	0
0	0	0	1

MATRIX JOINT #12
0.474195	-0.68455	-0.553651	0
-0.511855	-0.726007	0.459258	0
-0.71634	0.0656115	-0.69466	0
0	0	0	1

MATRIX JOINT #13
0.252076	-0.117398	-0.96056	0
-0.870983	-0.460095	-0.172337	0
-0.421717	0.880074	-0.218231	0
0	0	0	1

MATRIX JOINT #14
0.693603	0.158091	-0.702796	0
0.0740086	-0.986097	-0.148778	0
-0.716546	0.0511801	-0.69566	0
0	0	0	1

MATRIX JOINT #15
0.302406	0.0306174	-0.952687	0
-0.912256	-0.280421	-0.298584	0
-0.276295	0.959389	-0.0568702	0
0	0	0	1

MATRIX JOINT #16
0.518931	0.715627	-0.467535	0
0.466442	-0.695394	-0.54668	0
-0.71634	0.0656115	-0.69466	0
0	0	0	1

MATRIX JOINT #17
0.79956	0.282795	-0.529841	0
-0.349391	-0.498538	-0.793338	0
-0.488498	0.819443	-0.299805	0
0	0	0	1

MATRIX JOINT #18
0.692486	0.155036	-0.704575	0
0.0833605	-0.98729	-0.135315	0
-0.716599	0.0349699	-0.696609	0
0	0	0	1

MATRIX JOINT #19
0.652632	0.129954	-0.746447	0
-0.653358	-0.402335	-0.641288	0
-0.383659	0.906222	-0.17767	0
0	0	0	1

MATRIX JOINT #0
-0.700394	-0.0513961	0.711904	0
0.00844502	0.996737	0.0802683	0
-0.713706	0.0622315	-0.697675	0
0	0	0	1

MATRIX JOINT #1
-0.684958	0.0380568	0.727588	0
0.0338452	0.999219	-0.0204024	0
-0.727796	0.0106505	-0.685711	0
0	0	0	1

MATRIX JOINT #2
-0.685756	-0.00706886	0.727798	0
0.0122368	0.9997	0.0212397	0
-0.727729	0.0234712	-0.685463	0
0	0	0	1

MATRIX JOINT #3
-0.590885	-0.183211	0.785677	0
-0.519874	0.831179	-0.197161	0
-0.616916	-0.524953	-0.586378	0
0	0	0	1

MATRIX JOINT #4
0.312434	-0.878353	-0.361774	0
-0.591004	-0.477891	0.649873	0
-0.743706	0.0107681	-0.66842	0
0	0	0	1

MATRIX JOINT #5
0.842794	-0.434949	-0.317046	0
-0.437682	-0.896658	0.0666278	0
-0.313261	0.0826116	-0.946067	0
0	0	0	1

MATRIX JOINT #6
0.842794	-0.434949	-0.317046	0
-0.53624	-0.627856	-0.56413	0
0.0463084	0.645458	-0.762391	0
0	0	0	1

MATRIX JOINT #7
0.998593	-0.0496402	0.0186291	0
-0.0336276	-0.86461	-0.501317	0
0.0409924	0.499985	-0.865063	0
0	0	0	1

MATRIX JOINT #8
0.457734	0.760899	-0.459904	0
0.537541	-0.64887	-0.538533	0
-0.708187	-0.000712201	-0.706024	0
0	0	0	1

MATRIX JOINT #9
-0.833445	-0.320458	0.450196	0
-0.018589	-0.797964	-0.602418	0
0.55229	-0.510451	0.659102	0
0	0	0	1

MATRIX JOINT #10
-0.833445	-0.320458	0.450196	0
0.551682	-0.435508	0.711322	0
-0.0318846	0.841213	0.539763	0
0	0	0	1

MATRIX JOINT #11
-0.900391	-0.258622	0.349871	0
0.400438	-0.807049	0.43396	0
0.170132	0.530836	0.830222	0
0	0	0	1

MATRIX JOINT #12
0.481187	-0.680249	-0.552921	0
-0.509001	-0.730335	0.455553	0
-0.713706	0.0622315	-0.697675	0
0	0	0	1

MATRIX JOINT #13
0.259896	-0.127675	-0.957159	0
-0.867161	-0.466951	-0.173172	0
-0.424837	0.875018	-0.232073	0
0	0	0	1

MATRIX JOINT #14
0.697163	0.152708	-0.70046	0
0.0673252	-0.986678	-0.148099	0
-0.713745	0.0560902	-0.698156	0
0	0	0	1

MATRIX JOINT #15
0.305573	0.014535	-0.952058	0
-0.907866	-0.296998	-0.295924	0
-0.28706	0.954767	-0.0775587	0
0	0	0	1

MATRIX JOINT #16
0.516122	0.720107	-0.463749	0
0.473541	-0.691067	-0.546064	0
-0.713706	0.0622315	-0.697675	0
0	0	0	1

MATRIX JOINT #17
0.801766	0.28344	-0.526149	0
-0.343091	-0.502562	-0.793549	0
-0.489346	0.816758	-0.305691	0
0	0	0	1

MATRIX JOINT #18
0.695974	0.154523	-0.701244	0
0.0788127	-0.98711	-0.139295	0
-0.713729	0.0416786	-0.699181	0
0	0	0	1

MATRIX JOINT #19
0.654682	0.128404	-0.744919	0
-0.651883	-0.402985	-0.64238	0
-0.382675	0.906154	-0.180123	0
0	0	0	1

MATRIX JOINT #0
-0.703035	-0.0645036	0.708224	0
-0.00582145	0.996367	0.0849683	0
-0.711131	0.0556128	-0.700856	0
0	0	0	1

MATRIX JOINT #1
-0.693323	0.0304287	0.719984	0
0.0224337	0.999535	-0.0206404	0
-0.720277	0.00184139	-0.693684	0
0	0	0	1

MATRIX JOINT #2
-0.693657	-0.0137396	0.720175	0
-0.0021992	0.999854	0.0169572	0
-0.720303	0.0101787	-0.693585	0
0	0	0	1

MATRIX JOINT #3
-0.597964	-0.184898	0.779905	0
-0.530905	0.820338	-0.212569	0
-0.600482	-0.541165	-0.588695	0
0	0	0	1

MATRIX JOINT #4
0.326366	-0.877333	-0.351813	0
-0.593531	-0.479878	0.646095	0
-0.735667	-0.00205147	-0.67734	0
0	0	0	1

MATRIX JOINT #5
0.852706	-0.426908	-0.301067	0
-0.437716	-0.89846	0.0342654	0
-0.285125	0.102564	-0.952987	0
0	0	0	1

MATRIX JOINT #6
0.852706	-0.426908	-0.301067	0
-0.521514	-0.662309	-0.537931	0
0.030248	0.615708	-0.787394	0
0	0	0	1

MATRIX JOINT #7
0.983643	-0.158285	-0.0859848	0
-0.176446	-0.750595	-0.636768	0
0.0362508	0.641524	-0.766246	0
0	0	0	1

MATRIX JOINT #8
0.451411	0.766075	-0.457557	0
0.551737	-0.642631	-0.531612	0
-0.701295	-0.0124757	-0.712762	0
0	0	0	1

MATRIX JOINT #9
-0.831094	-0.331993	0.446166	0
-0.00280669	-0.799752	-0.600325	0
0.556125	-0.500178	0.663737	0
0	0	0	1

MATRIX JOINT #10
-0.831094	-0.331993	0.446166	0
0.553725	-0.419417	0.71936	0
-0.0516928	0.844908	0.532407	0
0	0	0	1

MATRIX JOINT #11
-0.898063	-0.272517	0.345278	0
0.409616	-0.804195	0.430679	0
0.160304	0.528208	0.833846	0
0	0	0	1

MATRIX JOINT #12
0.490718	-0.674616	-0.551443	0
-0.503476	-0.736071	0.45245	0
-0.711131	0.0556128	-0.700856	0
0	0	0	1

MATRIX JOINT #13
0.267179	-0.138903	-0.953584	0
-0.864006	-0.472746	-0.173219	0
-0.426742	0.870183	-0.246321	0
0	0	0	1

MATRIX JOINT #14
0.700303	0.145615	-0.698836	0
0.062094	-0.987689	-0.143578	0
-0.71114	0.0571546	-0.700724	0
0	0	0	1

MATRIX JOINT #15
0.314256	-0.00155113	-0.949337	0
-0.901632	-0.313503	-0.297952	0
-0.297157	0.949586	-0.0999186	0
0	0	0	1

MATRIX JOINT #16
0.511529	0.724805	-0.461515	0
0.482318	-0.686706	-0.543879	0
-0.711131	0.0556128	-0.700856	0
0	0	0	1

MATRIX JOINT #17
0.804032	0.284909	-0.52188	0
-0.335687	-0.506942	-0.793929	0
-0.490761	0.813533	-0.311957	0
0	0	0	1

MATRIX JOINT #18
0.699039	0.153914	-0.698323	0
0.075926	-0.987017	-0.141539	0
-0.711041	0.0459206	-0.701649	0
0	0	0	1

MATRIX JOINT #19
0.657638	0.127445	-0.742476	0
-0.648781	-0.405104	-0.644185	0
-0.382877	0.905345	-0.183728	0
0	0	0	1

MATRIX JOINT #0
-0.705523	-0.0768017	0.704513	0
-0.0225121	0.996038	0.0860375	0
-0.708329	0.0448414	-0.704456	0
0	0	0	1

MATRIX JOINT #1
-0.703696	0.0213267	0.710181	0
0.00535993	0.99968	-0.0247093	0
-0.710481	-0.0135813	-0.703585	0
0	0	0	1

MATRIX JOINT #2
-0.703366	-0.0194323	0.710562	0
-0.0199535	0.999772	0.00759016	0
-0.710548	-0.00883955	-0.703593	0
0	0	0	1

MATRIX JOINT #3
-0.600001	-0.192184	0.776572	0
-0.55457	0.799545	-0.230607	0
-0.576586	-0.569028	-0.586308	0
0	0	0	1

MATRIX JOINT #4
0.345095	-0.875786	-0.337504	0
-0.595349	-0.48225	0.642646	0
-0.725582	-0.0208419	-0.68782	0
0	0	0	1

MATRIX JOINT #5
0.862473	-0.420544	-0.281573	0
-0.429766	-0.902395	0.0313758	0
-0.267285	0.0939497	-0.959027	0
0	0	0	1

MATRIX JOINT #6
0.862473	-0.420544	-0.281573	0
-0.505531	-0.689408	-0.518803	0
0.0240609	0.589797	-0.807193	0
0	0	0	1

MATRIX JOINT #7
0.975682	-0.189815	-0.10961	0
-0.213568	-0.710729	-0.670264	0
0.0493231	0.677374	-0.733984	0
0	0	0	1

MATRIX JOINT #8
0.442693	0.771616	-0.456762	0
0.570537	-0.63537	-0.520378	0
-0.691745	-0.0302324	-0.721509	0
0	0	0	1

MATRIX JOINT #9
-0.828585	-0.345262	0.440728	0
0.0166845	-0.802084	-0.596978	0
0.559615	-0.487293	0.670356	0
0	0	0	1

MATRIX JOINT #10
-0.828585	-0.345262	0.440728	0
0.555265	-0.406096	0.725787	0
-0.0716088	0.846097	0.528197	0
0	0	0	1

MATRIX JOINT #11
-0.897961	-0.285216	0.335138	0
0.414857	-0.802719	0.428411	0
0.146832	0.523731	0.839135	0
0	0	0	1

MATRIX JOINT #12
0.502827	-0.668365	-0.548136	0
-0.495413	-0.742481	0.450875	0
-0.708329	0.0448414	-0.704456	0
0	0	0	1

MATRIX JOINT #13
0.274134	-0.151591	-0.949669	0
-0.861462	-0.477653	-0.172427	0
-0.427474	0.865371	-0.261531	0
0	0	0	1

MATRIX JOINT #14
0.703138	0.136434	-0.697841	0
0.0608512	-0.989365	-0.132116	0
-0.708445	0.0504312	-0.703962	0
0	0	0	1

MATRIX JOINT #15
0.335213	-0.0172929	-0.941984	0
-0.889941	-0.334002	-0.310561	0
-0.309254	0.942414	-0.127351	0
0	0	0	1

MATRIX JOINT #16
0.504317	0.730422	-0.460595	0
0.493897	-0.681522	-0.539994	0
-0.708329	0.0448414	-0.704456	0
0	0	0	1

MATRIX JOINT #17
0.80617	0.286586	-0.517646	0
-0.328415	-0.510996	-0.794372	0
-0.492171	0.810402	-0.31783	0
0	0	0	1

MATRIX JOINT #18
0.701928	0.153524	-0.695505	0
0.0736843	-0.986906	-0.143482	0
-0.708426	0.0494662	-0.704049	0
0	0	0	1

MATRIX JOINT #19
0.660712	0.126827	-0.739847	0
-0.645144	-0.407911	-0.646064	0
-0.38373	0.90417	-0.18769	0
0	0	0	1

MATRIX JOINT #0
-0.701046	-0.0832583	0.708239	0
-0.0421048	0.996261	0.0754401	0
-0.711872	0.0230667	-0.701931	0
0	0	0	1

MATRIX JOINT #1
-0.712787	0.0182331	0.701144	0
-0.0122232	0.999187	-0.0384099	0
-0.701274	-0.0359483	-0.711985	0
0	0	0	1

MATRIX JOINT #2
-0.711935	-0.0172531	0.702034	0
-0.0326566	0.99943	-0.00855532	0
-0.701486	-0.0290169	-0.712092	0
0	0	0	1

MATRIX JOINT #3
-0.601146	-0.196115	0.774702	0
-0.56816	0.786608	-0.241747	0
-0.561977	-0.585479	-0.584291	0
0	0	0	1

MATRIX JOINT #4
0.364897	-0.872894	-0.323893	0
-0.595275	-0.486216	0.63972	0
-0.715889	-0.0406266	-0.697031	0
0	0	0	1

MATRIX JOINT #5
0.872515	-0.406691	-0.270778	0
-0.409959	-0.910887	0.0471039	0
-0.265804	0.0699089	-0.961489	0
0	0	0	1

MATRIX JOINT #6
0.872515	-0.406691	-0.270778	0
-0.488416	-0.711284	-0.505495	0
0.0129805	0.573303	-0.81924	0
0	0	0	1

MATRIX JOINT #7
0.972466	-0.197893	-0.123077	0
-0.227623	-0.693318	-0.683738	0
0.0499754	0.692927	-0.719273	0
0	0	0	1

MATRIX JOINT #8
0.432569	0.77674	-0.457777	0
0.58844	-0.62791	-0.509379	0
-0.683098	-0.0490327	-0.728679	0
0	0	0	1

MATRIX JOINT #9
-0.82502	-0.363868	0.432368	0
0.0476502	-0.807181	-0.588377	0
0.563091	-0.464821	0.683279	0
0	0	0	1

MATRIX JOINT #10
-0.82502	-0.363868	0.432368	0
0.55644	-0.389624	0.733872	0
-0.0985714	0.846045	0.523919	0
0	0	0	1

MATRIX JOINT #11
-0.857548	-0.339325	0.386614	0
0.514403	-0.567079	0.643281	0
0.000959396	0.75052	0.660847	0
0	0	0	1

MATRIX JOINT #12
0.51805	-0.657587	-0.546996	0
-0.474198	-0.753026	0.456167	0
-0.711872	0.0230667	-0.701931	0
0	0	0	1

MATRIX JOINT #13
0.277272	-0.157145	-0.947853	0
-0.858843	-0.482786	-0.171193	0
-0.430708	0.861524	-0.268826	0
0	0	0	1

MATRIX JOINT #14
0.698991	0.130025	-0.703211	0
0.0601317	-0.990536	-0.123381	0
-0.712598	0.0439568	-0.700194	0
0	0	0	1

MATRIX JOINT #15
0.334962	-0.0513863	-0.94083	0
-0.876346	-0.383814	-0.291041	0
-0.346148	0.92198	-0.173595	0
0	0	0	1

MATRIX JOINT #16
0.496452	0.723475	-0.479708	0
0.496764	-0.689965	-0.526473	0
-0.711872	0.0230667	-0.701931	0
0	0	0	1

MATRIX JOINT #17
0.810997	0.298818	-0.502983	0
-0.308382	-0.512259	-0.801556	0
